{
  "format": "gf5_keyframed_motion",
  "version": 1,
  "name": "Jog loop",
  "profile_name": "course_body_24",
  "joint_order": [
    "pelvis",
    "left_hip",
    "right_hip",
    "spine1",
    "left_knee",
    "right_knee",
    "spine2",
    "left_ankle",
    "right_ankle",
    "spine3",
    "left_foot",
    "right_foot",
    "neck",
    "left_collar",
    "right_collar",
    "head",
    "left_shoulder",
    "right_shoulder",
    "left_elbow",
    "right_elbow",
    "left_wrist",
    "right_wrist",
    "left_hand",
    "right_hand"
  ],
  "coordinate_convention": {
    "name": "gf5_viewer_body",
    "up_axis": [
      0.0,
      0.0,
      1.0
    ],
    "forward_axis": [
      0.0,
      1.0,
      0.0
    ],
    "anatomical_right_axis": [
      1.0,
      0.0,
      0.0
    ],
    "native_smpl_to_viewer": "viewer=(-native_x, native_z, native_y)"
  },
  "duration_sec": 3.966667,
  "exported_at": "2026-05-13T23:48:15",
  "source_asset_name": null,
  "source_motion": {
    "format": "amass_npz",
    "path": "staff_tools/motion_fallback/packs/hy_motion_palette/clips/jog_in_place_01.npz",
    "frame_rate": 30.0,
    "frame_count": 120,
    "pose_source": "poses",
    "translation_source": "trans",
    "start_sec": 0.0,
    "end_sec": 3.966667,
    "sample_fps": 12.0,
    "manifest": "staff_tools/motion_fallback/packs/hy_motion_palette/manifest.json"
  },
  "keyframes": [
    {
      "time_sec": 0.0,
      "root_offset": [
        0.0,
        0.0,
        0.0
      ],
      "local_rotation_matrices": [
        [
          [
            0.998785,
            -0.038502,
            0.030754
          ],
          [
            0.040254,
            0.997473,
            -0.058543
          ],
          [
            -0.028422,
            0.05971,
            0.997811
          ]
        ],
        [
          [
            0.999847,
            -0.010094,
            0.014254
          ],
          [
            0.011372,
            0.995636,
            -0.092621
          ],
          [
            -0.013257,
            0.092769,
            0.995599
          ]
        ],
        [
          [
            0.987366,
            0.09339,
            -0.128013
          ],
          [
            -0.102593,
            0.992446,
            -0.067277
          ],
          [
            0.120763,
            0.079561,
            0.989488
          ]
        ],
        [
          [
            0.998977,
            -0.005303,
            0.044901
          ],
          [
            -0.003791,
            0.979776,
            0.20006
          ],
          [
            -0.045054,
            -0.200025,
            0.978754
          ]
        ],
        [
          [
            0.995709,
            0.092533,
            0.001236
          ],
          [
            -0.091322,
            0.980344,
            0.174886
          ],
          [
            0.014971,
            -0.174248,
            0.984588
          ]
        ],
        [
          [
            0.992619,
            -0.120883,
            0.009708
          ],
          [
            0.116917,
            0.975164,
            0.188108
          ],
          [
            -0.032206,
            -0.185584,
            0.9821
          ]
        ],
        [
          [
            0.997864,
            0.055789,
            -0.033993
          ],
          [
            -0.064547,
            0.922224,
            -0.381231
          ],
          [
            0.010081,
            0.382611,
            0.923855
          ]
        ],
        [
          [
            0.985652,
            -0.033929,
            -0.165344
          ],
          [
            0.002434,
            0.982344,
            -0.18707
          ],
          [
            0.168771,
            0.183983,
            0.968332
          ]
        ],
        [
          [
            0.991922,
            -0.043958,
            0.118988
          ],
          [
            0.060988,
            0.987769,
            -0.143505
          ],
          [
            -0.111225,
            0.149602,
            0.98247
          ]
        ],
        [
          [
            0.999951,
            0.000232,
            -0.00994
          ],
          [
            0.001711,
            0.980811,
            0.194953
          ],
          [
            0.009794,
            -0.19496,
            0.980762
          ]
        ],
        [
          [
            0.916474,
            0.22908,
            0.328021
          ],
          [
            -0.20179,
            0.972601,
            -0.115443
          ],
          [
            -0.345479,
            0.039609,
            0.93759
          ]
        ],
        [
          [
            0.973604,
            -0.142928,
            -0.17795
          ],
          [
            0.066902,
            0.924117,
            -0.376207
          ],
          [
            0.218217,
            0.354371,
            0.909287
          ]
        ],
        [
          [
            0.996844,
            0.079052,
            -0.007281
          ],
          [
            -0.066073,
            0.877012,
            0.475904
          ],
          [
            0.044007,
            -0.473921,
            0.879467
          ]
        ],
        [
          [
            0.942431,
            -0.033963,
            -0.332671
          ],
          [
            -0.017567,
            0.988427,
            -0.150676
          ],
          [
            0.333939,
            0.147846,
            0.930928
          ]
        ],
        [
          [
            0.946037,
            -0.038598,
            0.321753
          ],
          [
            0.095223,
            0.982159,
            -0.162159
          ],
          [
            -0.309754,
            0.184047,
            0.932834
          ]
        ],
        [
          [
            0.993566,
            -0.103144,
            0.046777
          ],
          [
            0.107092,
            0.990011,
            -0.091698
          ],
          [
            -0.036852,
            0.096118,
            0.994688
          ]
        ],
        [
          [
            0.696474,
            0.366832,
            -0.616732
          ],
          [
            -0.036105,
            0.876284,
            0.48044
          ],
          [
            0.716673,
            -0.312347,
            0.623553
          ]
        ],
        [
          [
            0.764732,
            -0.056151,
            0.641897
          ],
          [
            -0.174421,
            0.940964,
            0.290111
          ],
          [
            -0.620292,
            -0.333817,
            0.709791
          ]
        ],
        [
          [
            0.982932,
            0.18377,
            -0.008583
          ],
          [
            -0.183329,
            0.98233,
            0.037654
          ],
          [
            0.015351,
            -0.035438,
            0.999254
          ]
        ],
        [
          [
            0.96979,
            -0.242542,
            -0.026094
          ],
          [
            0.243932,
            0.963224,
            0.112684
          ],
          [
            -0.002196,
            -0.115645,
            0.993288
          ]
        ],
        [
          [
            0.999113,
            -0.008215,
            -0.041293
          ],
          [
            0.007178,
            0.999657,
            -0.025185
          ],
          [
            0.041485,
            0.024867,
            0.99883
          ]
        ],
        [
          [
            0.999212,
            0.024082,
            0.03154
          ],
          [
            -0.02026,
            0.993004,
            -0.11633
          ],
          [
            -0.034121,
            0.115599,
            0.99271
          ]
        ],
        [
          [
            1.0,
            0.0,
            0.0
          ],
          [
            0.0,
            1.0,
            0.0
          ],
          [
            0.0,
            0.0,
            1.0
          ]
        ],
        [
          [
            1.0,
            0.0,
            0.0
          ],
          [
            0.0,
            1.0,
            0.0
          ],
          [
            0.0,
            0.0,
            1.0
          ]
        ]
      ]
    },
    {
      "time_sec": 0.084397,
      "root_offset": [
        -0.003248,
        -0.003066,
        0.001155
      ],
      "local_rotation_matrices": [
        [
          [
            0.999012,
            -0.033784,
            0.028888
          ],
          [
            0.035503,
            0.997493,
            -0.061221
          ],
          [
            -0.026747,
            0.062186,
            0.997706
          ]
        ],
        [
          [
            0.999798,
            -0.015004,
            0.013384
          ],
          [
            0.016155,
            0.995764,
            -0.090521
          ],
          [
            -0.011969,
            0.090719,
            0.995805
          ]
        ],
        [
          [
            0.988692,
            0.08106,
            -0.126162
          ],
          [
            -0.089065,
            0.994268,
            -0.059149
          ],
          [
            0.120644,
            0.069717,
            0.990245
          ]
        ],
        [
          [
            0.999086,
            -0.006071,
            0.042301
          ],
          [
            -0.002848,
            0.978199,
            0.207653
          ],
          [
            -0.042639,
            -0.207583,
            0.977288
          ]
        ],
        [
          [
            0.995675,
            0.09288,
            0.002301
          ],
          [
            -0.091844,
            0.980223,
            0.17529
          ],
          [
            0.014026,
            -0.174743,
            0.984514
          ]
        ],
        [
          [
            0.992602,
            -0.121082,
            0.008992
          ],
          [
            0.117517,
            0.976707,
            0.179534
          ],
          [
            -0.030521,
            -0.17715,
            0.983711
          ]
        ],
        [
          [
            0.998216,
            0.046815,
            -0.037051
          ],
          [
            -0.057405,
            0.923127,
            -0.380185
          ],
          [
            0.016404,
            0.381634,
            0.924168
          ]
        ],
        [
          [
            0.985348,
            -0.036767,
            -0.166543
          ],
          [
            0.005601,
            0.982936,
            -0.183861
          ],
          [
            0.170462,
            0.180234,
            0.968741
          ]
        ],
        [
          [
            0.991318,
            -0.044069,
            0.123881
          ],
          [
            0.061024,
            0.988746,
            -0.136594
          ],
          [
            -0.116467,
            0.142968,
            0.982851
          ]
        ],
        [
          [
            0.999962,
            -0.000468,
            -0.008653
          ],
          [
            0.002177,
            0.980077,
            0.198608
          ],
          [
            0.008388,
            -0.19862,
            0.980041
          ]
        ],
        [
          [
            0.912221,
            0.231935,
            0.337727
          ],
          [
            -0.203914,
            0.972003,
            -0.116741
          ],
          [
            -0.355349,
            0.037626,
            0.933976
          ]
        ],
        [
          [
            0.972421,
            -0.143358,
            -0.183974
          ],
          [
            0.063178,
            0.921212,
            -0.383897
          ],
          [
            0.224514,
            0.361687,
            0.904863
          ]
        ],
        [
          [
            0.99632,
            0.084833,
            -0.012271
          ],
          [
            -0.068669,
            0.875634,
            0.478069
          ],
          [
            0.051301,
            -0.475467,
            0.878236
          ]
        ],
        [
          [
            0.942466,
            -0.055444,
            -0.329671
          ],
          [
            0.001882,
            0.987015,
            -0.160615
          ],
          [
            0.334296,
            0.150753,
            0.930333
          ]
        ],
        [
          [
            0.9491,
            -0.02722,
            0.313795
          ],
          [
            0.079086,
            0.984938,
            -0.153763
          ],
          [
            -0.304883,
            0.170753,
            0.936958
          ]
        ],
        [
          [
            0.992656,
            -0.109041,
            0.05238
          ],
          [
            0.113402,
            0.989544,
            -0.089126
          ],
          [
            -0.042113,
            0.094411,
            0.994642
          ]
        ],
        [
          [
            0.691572,
            0.362096,
            -0.624992
          ],
          [
            -0.023454,
            0.876072,
            0.48161
          ],
          [
            0.721927,
            -0.31841,
            0.614359
          ]
        ],
        [
          [
            0.748533,
            -0.063903,
            0.660012
          ],
          [
            -0.188341,
            0.933863,
            0.304019
          ],
          [
            -0.635788,
            -0.351875,
            0.686991
          ]
        ],
        [
          [
            0.977948,
            0.20871,
            -0.007582
          ],
          [
            -0.208257,
            0.977267,
            0.039719
          ],
          [
            0.0157,
            -0.037264,
            0.999182
          ]
        ],
        [
          [
            0.951166,
            -0.306829,
            -0.033749
          ],
          [
            0.30866,
            0.944167,
            0.115227
          ],
          [
            -0.00349,
            -0.120017,
            0.992766
          ]
        ],
        [
          [
            0.999131,
            -0.005464,
            -0.041312
          ],
          [
            0.004289,
            0.999585,
            -0.028475
          ],
          [
            0.041451,
            0.028273,
            0.99874
          ]
        ],
        [
          [
            0.999282,
            0.019217,
            0.032641
          ],
          [
            -0.015143,
            0.992566,
            -0.120763
          ],
          [
            -0.034719,
            0.120182,
            0.992145
          ]
        ],
        [
          [
            1.0,
            0.0,
            0.0
          ],
          [
            0.0,
            1.0,
            0.0
          ],
          [
            0.0,
            0.0,
            1.0
          ]
        ],
        [
          [
            1.0,
            0.0,
            0.0
          ],
          [
            0.0,
            1.0,
            0.0
          ],
          [
            0.0,
            0.0,
            1.0
          ]
        ]
      ]
    },
    {
      "time_sec": 0.168794,
      "root_offset": [
        -0.008658,
        -0.004672,
        0.001263
      ],
      "local_rotation_matrices": [
        [
          [
            0.999384,
            -0.024171,
            0.025449
          ],
          [
            0.025807,
            0.99748,
            -0.066087
          ],
          [
            -0.023788,
            0.066703,
            0.997489
          ]
        ],
        [
          [
            0.999599,
            -0.025344,
            0.012614
          ],
          [
            0.026364,
            0.995717,
            -0.088613
          ],
          [
            -0.010314,
            0.08891,
            0.995986
          ]
        ],
        [
          [
            0.990006,
            0.065124,
            -0.125091
          ],
          [
            -0.071772,
            0.996197,
            -0.049397
          ],
          [
            0.121398,
            0.057881,
            0.990915
          ]
        ],
        [
          [
            0.999295,
            -0.006125,
            0.037029
          ],
          [
            -0.001955,
            0.976759,
            0.214334
          ],
          [
            -0.037481,
            -0.214255,
            0.976058
          ]
        ],
        [
          [
            0.99571,
            0.092451,
            0.003779
          ],
          [
            -0.091586,
            0.978934,
            0.182486
          ],
          [
            0.013171,
            -0.182049,
            0.983201
          ]
        ],
        [
          [
            0.992692,
            -0.120357,
            0.008808
          ],
          [
            0.117147,
            0.978597,
            0.169186
          ],
          [
            -0.028982,
            -0.166918,
            0.985545
          ]
        ],
        [
          [
            0.998367,
            0.040384,
            -0.040399
          ],
          [
            -0.052666,
            0.924609,
            -0.37726
          ],
          [
            0.022118,
            0.378772,
            0.925226
          ]
        ],
        [
          [
            0.985063,
            -0.040807,
            -0.167289
          ],
          [
            0.009265,
            0.982667,
            -0.185148
          ],
          [
            0.171944,
            0.180832,
            0.968367
          ]
        ],
        [
          [
            0.990363,
            -0.045277,
            0.130883
          ],
          [
            0.062429,
            0.989537,
            -0.130071
          ],
          [
            -0.123625,
            0.136988,
            0.982828
          ]
        ],
        [
          [
            0.999972,
            -0.0015,
            -0.007289
          ],
          [
            0.002944,
            0.979295,
            0.202417
          ],
          [
            0.006835,
            -0.202433,
            0.979272
          ]
        ],
        [
          [
            0.906821,
            0.235403,
            0.349659
          ],
          [
            -0.205853,
            0.9712,
            -0.119978
          ],
          [
            -0.367832,
            0.03682,
            0.929163
          ]
        ],
        [
          [
            0.9706,
            -0.144575,
            -0.192443
          ],
          [
            0.05918,
            0.918311,
            -0.391411
          ],
          [
            0.233311,
            0.368515,
            0.899868
          ]
        ],
        [
          [
            0.995639,
            0.091944,
            -0.015804
          ],
          [
            -0.073125,
            0.874326,
            0.479798
          ],
          [
            0.057933,
            -0.47655,
            0.877236
          ]
        ],
        [
          [
            0.941703,
            -0.079516,
            -0.326912
          ],
          [
            0.024778,
            0.985422,
            -0.168313
          ],
          [
            0.33553,
            0.150401,
            0.929946
          ]
        ],
        [
          [
            0.951725,
            -0.016418,
            0.306514
          ],
          [
            0.065825,
            0.986254,
            -0.151558
          ],
          [
            -0.299812,
            0.164417,
            0.939723
          ]
        ],
        [
          [
            0.991722,
            -0.114739,
            0.057634
          ],
          [
            0.119472,
            0.989036,
            -0.086795
          ],
          [
            -0.047044,
            0.092962,
            0.994558
          ]
        ],
        [
          [
            0.689067,
            0.359384,
            -0.629309
          ],
          [
            -0.007199,
            0.871726,
            0.489941
          ],
          [
            0.724662,
            -0.333072,
            0.603265
          ]
        ],
        [
          [
            0.72358,
            -0.091545,
            0.684142
          ],
          [
            -0.187662,
            0.927739,
            0.322621
          ],
          [
            -0.66424,
            -0.361829,
            0.654114
          ]
        ],
        [
          [
            0.972416,
            0.233174,
            -0.006076
          ],
          [
            -0.232714,
            0.971611,
            0.042618
          ],
          [
            0.015841,
            -0.040028,
            0.999073
          ]
        ],
        [
          [
            0.924248,
            -0.379277,
            -0.043755
          ],
          [
            0.381764,
            0.916681,
            0.11812
          ],
          [
            -0.00469,
            -0.125876,
            0.992035
          ]
        ],
        [
          [
            0.999207,
            -0.002841,
            -0.039721
          ],
          [
            0.001483,
            0.999415,
            -0.034165
          ],
          [
            0.039795,
            0.034079,
            0.998627
          ]
        ],
        [
          [
            0.999336,
            0.011633,
            0.034516
          ],
          [
            -0.007163,
            0.991887,
            -0.126923
          ],
          [
            -0.035713,
            0.126591,
            0.991312
          ]
        ],
        [
          [
            1.0,
            0.0,
            0.0
          ],
          [
            0.0,
            1.0,
            0.0
          ],
          [
            0.0,
            0.0,
            1.0
          ]
        ],
        [
          [
            1.0,
            0.0,
            0.0
          ],
          [
            0.0,
            1.0,
            0.0
          ],
          [
            0.0,
            0.0,
            1.0
          ]
        ]
      ]
    },
    {
      "time_sec": 0.253192,
      "root_offset": [
        -0.017801,
        -0.003034,
        0.00126
      ],
      "local_rotation_matrices": [
        [
          [
            0.99983,
            0.010834,
            0.014903
          ],
          [
            -0.009635,
            0.996886,
            -0.078261
          ],
          [
            -0.015705,
            0.078104,
            0.996822
          ]
        ],
        [
          [
            0.999239,
            -0.037461,
            0.010906
          ],
          [
            0.038195,
            0.996263,
            -0.077463
          ],
          [
            -0.007964,
            0.07782,
            0.996936
          ]
        ],
        [
          [
            0.991235,
            0.039238,
            -0.126149
          ],
          [
            -0.042413,
            0.998845,
            -0.022581
          ],
          [
            0.125117,
            0.027733,
            0.991754
          ]
        ],
        [
          [
            0.999712,
            -0.004742,
            0.023508
          ],
          [
            -0.000477,
            0.976128,
            0.217194
          ],
          [
            -0.023977,
            -0.217142,
            0.975845
          ]
        ],
        [
          [
            0.996406,
            0.084408,
            0.007038
          ],
          [
            -0.084106,
            0.976166,
            0.200063
          ],
          [
            0.010016,
            -0.199936,
            0.979758
          ]
        ],
        [
          [
            0.993462,
            -0.113782,
            0.009289
          ],
          [
            0.111356,
            0.98377,
            0.140702
          ],
          [
            -0.025148,
            -0.138748,
            0.990008
          ]
        ],
        [
          [
            0.998392,
            0.032634,
            -0.04636
          ],
          [
            -0.047256,
            0.930784,
            -0.362501
          ],
          [
            0.031321,
            0.364109,
            0.93083
          ]
        ],
        [
          [
            0.984071,
            -0.047829,
            -0.171222
          ],
          [
            0.014385,
            0.981394,
            -0.191467
          ],
          [
            0.177193,
            0.185955,
            0.966449
          ]
        ],
        [
          [
            0.98727,
            -0.060971,
            0.146901
          ],
          [
            0.077431,
            0.991014,
            -0.109068
          ],
          [
            -0.138931,
            0.119054,
            0.98312
          ]
        ],
        [
          [
            0.999965,
            -0.004646,
            -0.006979
          ],
          [
            0.005994,
            0.978183,
            0.207656
          ],
          [
            0.005862,
            -0.207691,
            0.978177
          ]
        ],
        [
          [
            0.892223,
            0.235124,
            0.385558
          ],
          [
            -0.202573,
            0.971432,
            -0.12363
          ],
          [
            -0.403612,
            0.032201,
            0.914363
          ]
        ],
        [
          [
            0.969797,
            -0.136488,
            -0.202153
          ],
          [
            0.04573,
            0.915828,
            -0.398958
          ],
          [
            0.23959,
            0.377663,
            0.894409
          ]
        ],
        [
          [
            0.994451,
            0.104127,
            -0.014966
          ],
          [
            -0.083724,
            0.869548,
            0.4867
          ],
          [
            0.063692,
            -0.482746,
            0.873441
          ]
        ],
        [
          [
            0.94643,
            -0.135228,
            -0.293228
          ],
          [
            0.084871,
            0.980333,
            -0.17817
          ],
          [
            0.311555,
            0.143739,
            0.939294
          ]
        ],
        [
          [
            0.966357,
            0.012005,
            0.256924
          ],
          [
            0.040488,
            0.979356,
            -0.198046
          ],
          [
            -0.253998,
            0.201786,
            0.945922
          ]
        ],
        [
          [
            0.990373,
            -0.123973,
            0.061575
          ],
          [
            0.129011,
            0.987907,
            -0.086005
          ],
          [
            -0.050168,
            0.093121,
            0.99439
          ]
        ],
        [
          [
            0.675349,
            0.365305,
            -0.640668
          ],
          [
            0.03053,
            0.854113,
            0.519191
          ],
          [
            0.736866,
            -0.370195,
            0.565671
          ]
        ],
        [
          [
            0.633122,
            -0.19693,
            0.748582
          ],
          [
            -0.153617,
            0.915893,
            0.370867
          ],
          [
            -0.758656,
            -0.349799,
            0.54962
          ]
        ],
        [
          [
            0.959676,
            0.281102,
            -0.00198
          ],
          [
            -0.280807,
            0.958948,
            0.039577
          ],
          [
            0.013024,
            -0.037425,
            0.999215
          ]
        ],
        [
          [
            0.853839,
            -0.516003,
            -0.068555
          ],
          [
            0.520536,
            0.846564,
            0.111223
          ],
          [
            0.000645,
            -0.130652,
            0.991428
          ]
        ],
        [
          [
            0.999259,
            0.002688,
            -0.038407
          ],
          [
            -0.004296,
            0.999115,
            -0.041849
          ],
          [
            0.03826,
            0.041983,
            0.998385
          ]
        ],
        [
          [
            0.999185,
            -0.006609,
            0.039822
          ],
          [
            0.011986,
            0.990592,
            -0.136322
          ],
          [
            -0.038546,
            0.136688,
            0.989864
          ]
        ],
        [
          [
            1.0,
            0.0,
            0.0
          ],
          [
            0.0,
            1.0,
            0.0
          ],
          [
            0.0,
            0.0,
            1.0
          ]
        ],
        [
          [
            1.0,
            0.0,
            0.0
          ],
          [
            0.0,
            1.0,
            0.0
          ],
          [
            0.0,
            0.0,
            1.0
          ]
        ]
      ]
    },
    {
      "time_sec": 0.337589,
      "root_offset": [
        -0.02448,
        0.002114,
        0.000514
      ],
      "local_rotation_matrices": [
        [
          [
            0.998928,
            0.045769,
            0.006941
          ],
          [
            -0.044965,
            0.994966,
            -0.089562
          ],
          [
            -0.011005,
            0.089154,
            0.995957
          ]
        ],
        [
          [
            0.999208,
            -0.03919,
            0.00691
          ],
          [
            0.039575,
            0.996809,
            -0.069329
          ],
          [
            -0.004171,
            0.069547,
            0.99757
          ]
        ],
        [
          [
            0.991153,
            0.018684,
            -0.131402
          ],
          [
            -0.019466,
            0.9998,
            -0.004668
          ],
          [
            0.131289,
            0.007185,
            0.991318
          ]
        ],
        [
          [
            0.999888,
            -0.003337,
            0.014608
          ],
          [
            0.000139,
            0.976908,
            0.213662
          ],
          [
            -0.014984,
            -0.213636,
            0.976799
          ]
        ],
        [
          [
            0.997213,
            0.07391,
            0.010208
          ],
          [
            -0.074315,
            0.971718,
            0.224144
          ],
          [
            0.006647,
            -0.224278,
            0.974503
          ]
        ],
        [
          [
            0.994446,
            -0.104882,
            0.008732
          ],
          [
            0.102898,
            0.986342,
            0.128616
          ],
          [
            -0.022102,
            -0.127003,
            0.991656
          ]
        ],
        [
          [
            0.99807,
            0.03001,
            -0.054363
          ],
          [
            -0.047049,
            0.936818,
            -0.34664
          ],
          [
            0.040526,
            0.348528,
            0.936422
          ]
        ],
        [
          [
            0.98323,
            -0.050168,
            -0.175335
          ],
          [
            0.0149,
            0.980303,
            -0.196937
          ],
          [
            0.181761,
            0.191021,
            0.964611
          ]
        ],
        [
          [
            0.983659,
            -0.081507,
            0.160536
          ],
          [
            0.096982,
            0.991114,
            -0.091034
          ],
          [
            -0.151689,
            0.105116,
            0.982823
          ]
        ],
        [
          [
            0.999921,
            -0.007729,
            -0.009899
          ],
          [
            0.00964,
            0.977537,
            0.210544
          ],
          [
            0.008049,
            -0.210623,
            0.977534
          ]
        ],
        [
          [
            0.878798,
            0.231913,
            0.417049
          ],
          [
            -0.195616,
            0.972233,
            -0.128441
          ],
          [
            -0.435256,
            0.031292,
            0.899763
          ]
        ],
        [
          [
            0.969723,
            -0.126965,
            -0.208609
          ],
          [
            0.03324,
            0.914898,
            -0.402315
          ],
          [
            0.241936,
            0.383199,
            0.891418
          ]
        ],
        [
          [
            0.993611,
            0.112406,
            -0.010068
          ],
          [
            -0.092796,
            0.864518,
            0.49396
          ],
          [
            0.064228,
            -0.48987,
            0.869426
          ]
        ],
        [
          [
            0.949143,
            -0.185787,
            -0.254185
          ],
          [
            0.140404,
            0.97238,
            -0.186449
          ],
          [
            0.281804,
            0.141278,
            0.949014
          ]
        ],
        [
          [
            0.980443,
            0.036003,
            0.193482
          ],
          [
            0.018298,
            0.96219,
            -0.271764
          ],
          [
            -0.19595,
            0.269989,
            0.942714
          ]
        ],
        [
          [
            0.989914,
            -0.128276,
            0.060125
          ],
          [
            0.133229,
            0.987236,
            -0.087264
          ],
          [
            -0.048164,
            0.094394,
            0.994369
          ]
        ],
        [
          [
            0.661803,
            0.376978,
            -0.648
          ],
          [
            0.060287,
            0.83481,
            0.547227
          ],
          [
            0.74725,
            -0.401223,
            0.529753
          ]
        ],
        [
          [
            0.524202,
            -0.305247,
            0.795007
          ],
          [
            -0.106952,
            0.902562,
            0.417064
          ],
          [
            -0.844851,
            -0.303653,
            0.440478
          ]
        ],
        [
          [
            0.947363,
            0.320155,
            0.001943
          ],
          [
            -0.32003,
            0.946786,
            0.034294
          ],
          [
            0.00914,
            -0.033111,
            0.99941
          ]
        ],
        [
          [
            0.789642,
            -0.60698,
            -0.089673
          ],
          [
            0.613489,
            0.783415,
            0.099462
          ],
          [
            0.00988,
            -0.133553,
            0.990992
          ]
        ],
        [
          [
            0.999257,
            0.007245,
            -0.03785
          ],
          [
            -0.008974,
            0.998915,
            -0.045691
          ],
          [
            0.037478,
            0.045997,
            0.998238
          ]
        ],
        [
          [
            0.998726,
            -0.021748,
            0.045541
          ],
          [
            0.027986,
            0.98959,
            -0.141168
          ],
          [
            -0.041997,
            0.142262,
            0.988938
          ]
        ],
        [
          [
            1.0,
            0.0,
            0.0
          ],
          [
            0.0,
            1.0,
            0.0
          ],
          [
            0.0,
            0.0,
            1.0
          ]
        ],
        [
          [
            1.0,
            0.0,
            0.0
          ],
          [
            0.0,
            1.0,
            0.0
          ],
          [
            0.0,
            0.0,
            1.0
          ]
        ]
      ]
    },
    {
      "time_sec": 0.421986,
      "root_offset": [
        -0.036807,
        0.008682,
        -0.002687
      ],
      "local_rotation_matrices": [
        [
          [
            0.996133,
            0.087848,
            -0.00112
          ],
          [
            -0.087508,
            0.990992,
            -0.101381
          ],
          [
            -0.007797,
            0.101087,
            0.994847
          ]
        ],
        [
          [
            0.99908,
            -0.04285,
            -0.001754
          ],
          [
            0.04258,
            0.99599,
            -0.078679
          ],
          [
            0.005118,
            0.078532,
            0.996898
          ]
        ],
        [
          [
            0.989739,
            -0.01352,
            -0.142249
          ],
          [
            0.013337,
            0.999909,
            -0.002241
          ],
          [
            0.142266,
            0.000321,
            0.989828
          ]
        ],
        [
          [
            0.999984,
            -0.001525,
            0.005435
          ],
          [
            0.000332,
            0.977037,
            0.213071
          ],
          [
            -0.005635,
            -0.213066,
            0.977022
          ]
        ],
        [
          [
            0.998081,
            0.060215,
            0.014418
          ],
          [
            -0.061824,
            0.956355,
            0.285592
          ],
          [
            0.003408,
            -0.285936,
            0.958243
          ]
        ],
        [
          [
            0.995985,
            -0.089371,
            0.005241
          ],
          [
            0.087509,
            0.984241,
            0.15366
          ],
          [
            -0.018891,
            -0.152584,
            0.98811
          ]
        ],
        [
          [
            0.9973,
            0.028379,
            -0.067733
          ],
          [
            -0.049648,
            0.940159,
            -0.337099
          ],
          [
            0.054114,
            0.339551,
            0.93903
          ]
        ],
        [
          [
            0.983137,
            -0.051506,
            -0.175465
          ],
          [
            0.013597,
            0.977449,
            -0.210732
          ],
          [
            0.182362,
            0.204793,
            0.961667
          ]
        ],
        [
          [
            0.976981,
            -0.111626,
            0.181789
          ],
          [
            0.123669,
            0.990726,
            -0.056284
          ],
          [
            -0.173821,
            0.07747,
            0.981725
          ]
        ],
        [
          [
            0.999813,
            -0.010434,
            -0.016304
          ],
          [
            0.013696,
            0.976529,
            0.21495
          ],
          [
            0.013678,
            -0.215133,
            0.976489
          ]
        ],
        [
          [
            0.861686,
            0.236032,
            0.449207
          ],
          [
            -0.190514,
