{
  "format": "gf5_keyframed_motion",
  "version": 1,
  "name": "March loop",
  "profile_name": "course_body_24",
  "joint_order": [
    "pelvis",
    "left_hip",
    "right_hip",
    "spine1",
    "left_knee",
    "right_knee",
    "spine2",
    "left_ankle",
    "right_ankle",
    "spine3",
    "left_foot",
    "right_foot",
    "neck",
    "left_collar",
    "right_collar",
    "head",
    "left_shoulder",
    "right_shoulder",
    "left_elbow",
    "right_elbow",
    "left_wrist",
    "right_wrist",
    "left_hand",
    "right_hand"
  ],
  "coordinate_convention": {
    "name": "gf5_viewer_body",
    "up_axis": [
      0.0,
      0.0,
      1.0
    ],
    "forward_axis": [
      0.0,
      1.0,
      0.0
    ],
    "anatomical_right_axis": [
      1.0,
      0.0,
      0.0
    ],
    "native_smpl_to_viewer": "viewer=(-native_x, native_z, native_y)"
  },
  "duration_sec": 3.966667,
  "exported_at": "2026-05-13T23:48:15",
  "source_asset_name": null,
  "source_motion": {
    "format": "amass_npz",
    "path": "staff_tools/motion_fallback/packs/hy_motion_palette/clips/march_in_place_01.npz",
    "frame_rate": 30.0,
    "frame_count": 120,
    "pose_source": "poses",
    "translation_source": "trans",
    "start_sec": 0.0,
    "end_sec": 3.966667,
    "sample_fps": 12.0,
    "manifest": "staff_tools/motion_fallback/packs/hy_motion_palette/manifest.json"
  },
  "keyframes": [
    {
      "time_sec": 0.0,
      "root_offset": [
        0.0,
        0.0,
        0.0
      ],
      "local_rotation_matrices": [
        [
          [
            0.995596,
            -0.091498,
            0.020427
          ],
          [
            0.092199,
            0.995071,
            -0.036512
          ],
          [
            -0.016986,
            0.038235,
            0.999124
          ]
        ],
        [
          [
            0.986122,
            -0.155748,
            0.05749
          ],
          [
            0.160124,
            0.983722,
            -0.081553
          ],
          [
            -0.043852,
            0.089627,
            0.99501
          ]
        ],
        [
          [
            0.942076,
            0.304815,
            -0.139933
          ],
          [
            -0.320924,
            0.940464,
            -0.111965
          ],
          [
            0.097473,
            0.150387,
            0.98381
          ]
        ],
        [
          [
            0.999871,
            0.007825,
            -0.01405
          ],
          [
            -0.004892,
            0.98023,
            0.1978
          ],
          [
            0.01532,
            -0.197706,
            0.980142
          ]
        ],
        [
          [
            0.998485,
            0.054901,
            -0.003661
          ],
          [
            -0.053898,
            0.989287,
            0.135669
          ],
          [
            0.01107,
            -0.135266,
            0.990747
          ]
        ],
        [
          [
            0.99719,
            -0.074731,
            -0.005278
          ],
          [
            0.073827,
            0.968271,
            0.238748
          ],
          [
            -0.012732,
            -0.238467,
            0.971067
          ]
        ],
        [
          [
            0.985764,
            0.166551,
            -0.023019
          ],
          [
            -0.162348,
            0.907272,
            -0.387945
          ],
          [
            -0.043728,
            0.386159,
            0.921395
          ]
        ],
        [
          [
            0.989415,
            0.081053,
            -0.120366
          ],
          [
            -0.09889,
            0.983651,
            -0.150501
          ],
          [
            0.1062,
            0.160811,
            0.981255
          ]
        ],
        [
          [
            0.986383,
            -0.113493,
            0.119028
          ],
          [
            0.13283,
            0.97651,
            -0.169662
          ],
          [
            -0.096976,
            0.183162,
            0.978288
          ]
        ],
        [
          [
            0.999689,
            -0.005091,
            -0.024396
          ],
          [
            0.00978,
            0.98052,
            0.196174
          ],
          [
            0.022922,
            -0.196351,
            0.980266
          ]
        ],
        [
          [
            0.991624,
            0.064096,
            0.112135
          ],
          [
            -0.062651,
            0.997901,
            -0.016373
          ],
          [
            -0.112949,
            0.009211,
            0.993558
          ]
        ],
        [
          [
            0.997965,
            -0.042639,
            -0.047403
          ],
          [
            0.036173,
            0.990886,
            -0.129759
          ],
          [
            0.052504,
            0.12778,
            0.990412
          ]
        ],
        [
          [
            0.992032,
            0.029879,
            -0.122389
          ],
          [
            0.033028,
            0.875809,
            0.481526
          ],
          [
            0.121577,
            -0.481732,
            0.867844
          ]
        ],
        [
          [
            0.943377,
            -0.210623,
            -0.256277
          ],
          [
            0.171554,
            0.971,
            -0.16652
          ],
          [
            0.283918,
            0.113126,
            0.952152
          ]
        ],
        [
          [
            0.929253,
            0.077976,
            0.361122
          ],
          [
            -0.011819,
            0.983246,
            -0.181898
          ],
          [
            -0.369256,
            0.164761,
            0.914606
          ]
        ],
        [
          [
            0.998921,
            -0.040624,
            0.022487
          ],
          [
            0.042973,
            0.99228,
            -0.116332
          ],
          [
            -0.017587,
            0.117173,
            0.992956
          ]
        ],
        [
          [
            0.621644,
            0.136534,
            -0.771309
          ],
          [
            -0.025083,
            0.987656,
            0.154615
          ],
          [
            0.782899,
            -0.076769,
            0.617395
          ]
        ],
        [
          [
            0.625277,
            -0.15627,
            0.764597
          ],
          [
            0.010997,
            0.981413,
            0.191591
          ],
          [
            -0.780325,
            -0.111389,
            0.615374
          ]
        ],
        [
          [
            0.966296,
            0.257382,
            -0.005062
          ],
          [
            -0.257408,
            0.966287,
            -0.005518
          ],
          [
            0.003471,
            0.006635,
            0.999972
          ]
        ],
        [
          [
            0.990846,
            -0.133073,
            -0.022699
          ],
          [
            0.133793,
            0.99043,
            0.033881
          ],
          [
            0.017973,
            -0.036608,
            0.999168
          ]
        ],
        [
          [
            0.999822,
            -0.010273,
            -0.015832
          ],
          [
            0.010339,
            0.999938,
            0.004099
          ],
          [
            0.015789,
            -0.004262,
            0.999866
          ]
        ],
        [
          [
            0.998353,
            0.03298,
            0.046951
          ],
          [
            -0.030595,
            0.998248,
            -0.050642
          ],
          [
            -0.048539,
            0.049122,
            0.997613
          ]
        ],
        [
          [
            1.0,
            0.0,
            0.0
          ],
          [
            0.0,
            1.0,
            0.0
          ],
          [
            0.0,
            0.0,
            1.0
          ]
        ],
        [
          [
            1.0,
            0.0,
            0.0
          ],
          [
            0.0,
            1.0,
            0.0
          ],
          [
            0.0,
            0.0,
            1.0
          ]
        ]
      ]
    },
    {
      "time_sec": 0.084397,
      "root_offset": [
        -0.00284,
        -0.005867,
        -0.000178
      ],
      "local_rotation_matrices": [
        [
          [
            0.996355,
            -0.081445,
            0.02538
          ],
          [
            0.082256,
            0.996073,
            -0.032742
          ],
          [
            -0.022613,
            0.03471,
            0.999142
          ]
        ],
        [
          [
            0.984895,
            -0.165941,
            0.049449
          ],
          [
            0.169625,
            0.982001,
            -0.083076
          ],
          [
            -0.034773,
            0.090209,
            0.995316
          ]
        ],
        [
          [
            0.944819,
            0.294076,
            -0.144348
          ],
          [
            -0.312002,
            0.942103,
            -0.122868
          ],
          [
            0.099858,
            0.161125,
            0.981869
          ]
        ],
        [
          [
            0.999776,
            0.007633,
            -0.019728
          ],
          [
            -0.003645,
            0.980844,
            0.194763
          ],
          [
            0.020837,
            -0.194647,
            0.980652
          ]
        ],
        [
          [
            0.998483,
            0.054958,
            -0.003336
          ],
          [
            -0.053981,
            0.989068,
            0.137226
          ],
          [
            0.010841,
            -0.136838,
            0.990534
          ]
        ],
        [
          [
            0.997374,
            -0.072141,
            -0.006362
          ],
          [
            0.071409,
            0.96501,
            0.252301
          ],
          [
            -0.012062,
            -0.252093,
            0.967628
          ]
        ],
        [
          [
            0.986404,
            0.16272,
            -0.023006
          ],
          [
            -0.158779,
            0.907544,
            -0.388783
          ],
          [
            -0.042384,
            0.38715,
            0.921042
          ]
        ],
        [
          [
            0.989821,
            0.081113,
            -0.116943
          ],
          [
            -0.098579,
            0.983408,
            -0.152283
          ],
          [
            0.102651,
            0.162261,
            0.981394
          ]
        ],
        [
          [
            0.986114,
            -0.116034,
            0.118805
          ],
          [
            0.135905,
            0.975001,
            -0.17579
          ],
          [
            -0.095438,
            0.189496,
            0.977232
          ]
        ],
        [
          [
            0.999685,
            -0.005101,
            -0.024588
          ],
          [
            0.009746,
            0.981219,
            0.192652
          ],
          [
            0.023143,
            -0.192831,
            0.980959
          ]
        ],
        [
          [
            0.99156,
            0.063977,
            0.112766
          ],
          [
            -0.062685,
            0.997921,
            -0.014962
          ],
          [
            -0.113489,
            0.007767,
            0.993509
          ]
        ],
        [
          [
            0.998034,
            -0.0424,
            -0.046147
          ],
          [
            0.036106,
            0.990912,
            -0.129578
          ],
          [
            0.051221,
            0.127658,
            0.990495
          ]
        ],
        [
          [
            0.991812,
            0.029558,
            -0.124238
          ],
          [
            0.034162,
            0.875987,
            0.481124
          ],
          [
            0.123052,
            -0.481429,
            0.867804
          ]
        ],
        [
          [
            0.943752,
            -0.217341,
            -0.249188
          ],
          [
            0.180134,
            0.969919,
            -0.163736
          ],
          [
            0.277279,
            0.109639,
            0.954513
          ]
        ],
        [
          [
            0.932105,
            0.075642,
            0.3542
          ],
          [
            -0.01069,
            0.983267,
            -0.181854
          ],
          [
            -0.362029,
            0.16572,
            0.917318
          ]
        ],
        [
          [
            0.998915,
            -0.039884,
            0.024038
          ],
          [
            0.042477,
            0.991946,
            -0.119326
          ],
          [
            -0.019085,
            0.120217,
            0.992564
          ]
        ],
        [
          [
            0.622348,
            0.134725,
            -0.771059
          ],
          [
            -0.017213,
            0.987194,
            0.158596
          ],
          [
            0.782552,
            -0.08543,
            0.616697
          ]
        ],
        [
          [
            0.614371,
            -0.168817,
            0.770746
          ],
          [
            0.02357,
            0.980334,
            0.195935
          ],
          [
            -0.788665,
            -0.10221,
            0.606268
          ]
        ],
        [
          [
            0.965221,
            0.261393,
            -0.004699
          ],
          [
            -0.261418,
            0.965208,
            -0.005881
          ],
          [
            0.002999,
            0.006905,
            0.999972
          ]
        ],
        [
          [
            0.990373,
            -0.136276,
            -0.0243
          ],
          [
            0.137086,
            0.989922,
            0.035514
          ],
          [
            0.019215,
            -0.038503,
            0.999074
          ]
        ],
        [
          [
            0.999813,
            -0.009538,
            -0.01681
          ],
          [
            0.009606,
            0.999946,
            0.003967
          ],
          [
            0.016772,
            -0.004128,
            0.999851
          ]
        ],
        [
          [
            0.998438,
            0.032097,
            0.045742
          ],
          [
            -0.02974,
            0.99824,
            -0.051306
          ],
          [
            -0.047308,
            0.049865,
            0.997635
          ]
        ],
        [
          [
            1.0,
            0.0,
            0.0
          ],
          [
            0.0,
            1.0,
            0.0
          ],
          [
            0.0,
            0.0,
            1.0
          ]
        ],
        [
          [
            1.0,
            0.0,
            0.0
          ],
          [
            0.0,
            1.0,
            0.0
          ],
          [
            0.0,
            0.0,
            1.0
          ]
        ]
      ]
    },
    {
      "time_sec": 0.168794,
      "root_offset": [
        -0.006147,
        -0.008805,
        -0.00154
      ],
      "local_rotation_matrices": [
        [
          [
            0.997149,
            -0.068871,
            0.030824
          ],
          [
            0.069806,
            0.997099,
            -0.030352
          ],
          [
            -0.028644,
            0.032417,
            0.999064
          ]
        ],
        [
          [
            0.983607,
            -0.176479,
            0.037049
          ],
          [
            0.179488,
            0.977933,
            -0.106914
          ],
          [
            -0.017363,
            0.111811,
            0.993578
          ]
        ],
        [
          [
            0.949608,
            0.272972,
            -0.154049
          ],
          [
            -0.295188,
            0.944111,
            -0.146691
          ],
          [
            0.105397,
            0.184773,
            0.977113
          ]
        ],
        [
          [
            0.999656,
            0.007951,
            -0.025001
          ],
          [
            -0.00296,
            0.981066,
            0.193652
          ],
          [
            0.026067,
            -0.193511,
            0.980752
          ]
        ],
        [
          [
            0.998474,
            0.05521,
            -0.000894
          ],
          [
            -0.05411,
            0.981555,
            0.183363
          ],
          [
            0.011001,
            -0.183035,
            0.983045
          ]
        ],
        [
          [
            0.997551,
            -0.069405,
            -0.008679
          ],
          [
            0.068962,
            0.955198,
            0.287822
          ],
          [
            -0.011686,
            -0.287716,
            0.957645
          ]
        ],
        [
          [
            0.987394,
            0.156646,
            -0.022699
          ],
          [
            -0.153039,
            0.908211,
            -0.389527
          ],
          [
            -0.040403,
            0.38809,
            0.920735
          ]
        ],
        [
          [
            0.991084,
            0.078853,
            -0.107402
          ],
          [
            -0.095774,
            0.981997,
            -0.162816
          ],
          [
            0.09263,
            0.171651,
            0.980793
          ]
        ],
        [
          [
            0.985321,
            -0.118199,
            0.123176
          ],
          [
            0.140281,
            0.971783,
            -0.189629
          ],
          [
            -0.097286,
            0.204124,
            0.974099
          ]
        ],
        [
          [
            0.999666,
            -0.004443,
            -0.025465
          ],
          [
            0.009239,
            0.981458,
            0.191453
          ],
          [
            0.024142,
            -0.191625,
            0.981171
          ]
        ],
        [
          [
            0.991249,
            0.065734,
            0.114476
          ],
          [
            -0.064207,
            0.997792,
            -0.016979
          ],
          [
            -0.11534,
            0.009481,
            0.993281
          ]
        ],
        [
          [
            0.997885,
            -0.044225,
            -0.047639
          ],
          [
            0.037636,
            0.990629,
            -0.131294
          ],
          [
            0.052999,
            0.129223,
            0.990198
          ]
        ],
        [
          [
            0.991427,
            0.030127,
            -0.127143
          ],
          [
            0.03494,
            0.876494,
            0.480143
          ],
          [
            0.125906,
            -0.480469,
            0.867927
          ]
        ],
        [
          [
            0.942827,
            -0.229914,
            -0.241281
          ],
          [
            0.195514,
            0.967847,
            -0.158263
          ],
          [
            0.269909,
            0.102041,
            0.957464
          ]
        ],
        [
          [
            0.936252,
            0.073522,
            0.343549
          ],
          [
            -0.009561,
            0.982828,
            -0.184276
          ],
          [
            -0.351198,
            0.169244,
            0.920878
          ]
        ],
        [
          [
            0.998826,
            -0.041202,
            0.025463
          ],
          [
            0.04399,
            0.991687,
            -0.120917
          ],
          [
            -0.020269,
            0.121895,
            0.992336
          ]
        ],
        [
          [
            0.625005,
            0.132126,
            -0.769358
          ],
          [
            -0.005656,
            0.986312,
            0.16479
          ],
          [
            0.7806,
            -0.098643,
            0.617198
          ]
        ],
        [
          [
            0.599533,
            -0.183477,
            0.779036
          ],
          [
            0.037752,
            0.978768,
            0.201464
          ],
          [
            -0.799459,
            -0.091374,
            0.59373
          ]
        ],
        [
          [
            0.96428,
            0.264852,
            -0.004225
          ],
          [
            -0.264871,
            0.964271,
            -0.005065
          ],
          [
            0.002733,
            0.006003,
            0.999978
          ]
        ],
        [
          [
            0.99012,
            -0.137714,
            -0.026399
          ],
          [
            0.138627,
            0.989668,
            0.036608
          ],
          [
            0.021085,
            -0.039906,
            0.998981
          ]
        ],
        [
          [
            0.999807,
            -0.008176,
            -0.017843
          ],
          [
            0.00826,
            0.999955,
            0.004637
          ],
          [
            0.017804,
            -0.004784,
            0.99983
          ]
        ],
        [
          [
            0.998496,
            0.031724,
            0.044714
          ],
          [
            -0.029361,
            0.998188,
            -0.05253
          ],
          [
            -0.0463,
            0.051138,
            0.997618
          ]
        ],
        [
          [
            1.0,
            0.0,
            0.0
          ],
          [
            0.0,
            1.0,
            0.0
          ],
          [
            0.0,
            0.0,
            1.0
          ]
        ],
        [
          [
            1.0,
            0.0,
            0.0
          ],
          [
            0.0,
            1.0,
            0.0
          ],
          [
            0.0,
            0.0,
            1.0
          ]
        ]
      ]
    },
    {
      "time_sec": 0.253192,
      "root_offset": [
        -0.018723,
        -0.0138,
        -0.003052
      ],
      "local_rotation_matrices": [
        [
          [
            0.998728,
            -0.042068,
            0.027811
          ],
          [
            0.043236,
            0.998147,
            -0.042825
          ],
          [
            -0.025958,
            0.043973,
            0.998695
          ]
        ],
        [
          [
            0.985089,
            -0.171819,
            0.008863
          ],
          [
            0.171772,
            0.979292,
            -0.107149
          ],
          [
            0.009731,
            0.107074,
            0.994203
          ]
        ],
        [
          [
            0.963543,
            0.218836,
            -0.153935
          ],
          [
            -0.242204,
            0.957872,
            -0.154335
          ],
          [
            0.113676,
            0.185992,
            0.975953
          ]
        ],
        [
          [
            0.999732,
            0.008211,
            -0.021658
          ],
          [
            -0.003525,
            0.978102,
            0.208094
          ],
          [
            0.022892,
            -0.207962,
            0.977869
          ]
        ],
        [
          [
            0.998393,
            0.056639,
            0.001944
          ],
          [
            -0.055589,
            0.972065,
            0.228033
          ],
          [
            0.011026,
            -0.227774,
            0.973652
          ]
        ],
        [
          [
            0.997566,
            -0.069028,
            -0.009811
          ],
          [
            0.068619,
            0.947091,
            0.313545
          ],
          [
            -0.012351,
            -0.313455,
            0.949523
          ]
        ],
        [
          [
            0.986352,
            0.162981,
            -0.023393
          ],
          [
            -0.159337,
            0.909024,
            -0.385081
          ],
          [
            -0.041496,
            0.383553,
            0.922586
          ]
        ],
        [
          [
            0.995118,
            0.062743,
            -0.076184
          ],
          [
            -0.07525,
            0.981808,
            -0.174327
          ],
          [
            0.06386,
            0.179208,
            0.981736
          ]
        ],
        [
          [
            0.984352,
            -0.119021,
            0.12994
          ],
          [
            0.141212,
            0.973906,
            -0.177671
          ],
          [
            -0.105403,
            0.19324,
            0.975473
          ]
        ],
        [
          [
            0.999599,
            -0.002442,
            -0.028211
          ],
          [
            0.008019,
            0.979907,
            0.199294
          ],
          [
            0.027157,
            -0.19944,
            0.979534
          ]
        ],
        [
          [
            0.991134,
            0.068128,
            0.114068
          ],
          [
            -0.066009,
            0.997571,
            -0.022258
          ],
          [
            -0.115308,
            0.014531,
            0.993224
          ]
        ],
        [
          [
            0.997452,
            -0.04837,
            -0.05244
          ],
          [
            0.040945,
            0.990077,
            -0.134431
          ],
          [
            0.058422,
            0.131942,
            0.989534
          ]
        ],
        [
          [
            0.99039,
            0.027215,
            -0.135599
          ],
          [
            0.040688,
            0.879723,
            0.473742
          ],
          [
            0.132182,
            -0.474707,
            0.870162
          ]
        ],
        [
          [
            0.939787,
            -0.233494,
            -0.249562
          ],
          [
            0.205304,
            0.969489,
            -0.133944
          ],
          [
            0.273223,
            0.074642,
            0.95905
          ]
        ],
        [
          [
            0.94127,
            0.068837,
            0.330562
          ],
          [
            -0.003468,
            0.980917,
            -0.194394
          ],
          [
            -0.337636,
            0.181831,
            0.923547
          ]
        ],
        [
          [
            0.998767,
            -0.04102,
            0.027965
          ],
          [
            0.044032,
            0.992116,
            -0.117334
          ],
          [
            -0.022931,
            0.118421,
            0.992699
          ]
        ],
        [
          [
            0.633781,
            0.13517,
            -0.761611
          ],
          [
            0.015331,
            0.982225,
            0.187082
          ],
          [
            0.773361,
            -0.130245,
            0.620443
          ]
        ],
        [
          [
            0.586664,
            -0.19284,
            0.786536
          ],
          [
            0.049429,
            0.977951,
            0.202903
          ],
          [
            -0.808321,
            -0.080158,
            0.58326
          ]
        ],
        [
          [
            0.961449,
            0.274934,
            -0.005145
          ],
          [
            -0.274952,
            0.961452,
            -0.00331
          ],
          [
            0.004036,
            0.004597,
            0.999981
          ]
        ],
        [
          [
            0.989478,
            -0.141807,
            -0.028707
          ],
          [
            0.142891,
            0.988925,
            0.040116
          ],
          [
            0.0227,
            -0.043796,
            0.998783
          ]
        ],
        [
          [
            0.999834,
            -0.005238,
            -0.017449
          ],
          [
            0.005322,
            0.999975,
            0.004735
          ],
          [
            0.017423,
            -0.004827,
            0.999837
          ]
        ],
        [
          [
            0.998625,
            0.029441,
            0.04337
          ],
          [
            -0.027,
            0.998075,
            -0.05584
          ],
          [
            -0.04493,
            0.054592,
            0.997497
          ]
        ],
        [
          [
            1.0,
            0.0,
            0.0
          ],
          [
            0.0,
            1.0,
            0.0
          ],
          [
            0.0,
            0.0,
            1.0
          ]
        ],
        [
          [
            1.0,
            0.0,
            0.0
          ],
          [
            0.0,
            1.0,
            0.0
          ],
          [
            0.0,
            0.0,
            1.0
          ]
        ]
      ]
    },
    {
      "time_sec": 0.337589,
      "root_offset": [
        -0.033714,
        -0.019185,
        -0.000961
      ],
      "local_rotation_matrices": [
        [
          [
            0.999321,
            -0.031984,
            0.018315
          ],
          [
            0.033019,
            0.997695,
            -0.059285
          ],
          [
            -0.016377,
            0.059849,
            0.998073
          ]
        ],
        [
          [
            0.987496,
            -0.157136,
            -0.012661
          ],
          [
            0.155843,
            0.985163,
            -0.071884
          ],
          [
            0.023769,
            0.069012,
            0.997333
          ]
        ],
        [
          [
            0.975416,
            0.16806,
            -0.142549
          ],
          [
            -0.188082,
            0.97197,
            -0.141068
          ],
          [
            0.114845,
            0.164411,
            0.979683
          ]
        ],
        [
          [
            0.999895,
            0.009625,
            -0.010795
          ],
          [
            -0.006925,
            0.973888,
            0.226924
          ],
          [
            0.012697,
            -0.226826,
            0.973853
          ]
        ],
        [
          [
            0.99818,
            0.060265,
            0.002298
          ],
          [
            -0.059392,
            0.97567,
            0.211047
          ],
          [
            0.010476,
            -0.210799,
            0.977473
          ]
        ],
        [
          [
            0.997383,
            -0.071509,
            -0.010702
          ],
          [
            0.071189,
            0.945276,
            0.318411
          ],
          [
            -0.012652,
            -0.318339,
            0.947892
          ]
        ],
        [
          [
            0.981837,
            0.18783,
            -0.026763
          ],
          [
            -0.18381,
            0.90675,
            -0.379496
          ],
          [
            -0.047013,
            0.377523,
            0.924806
          ]
        ],
        [
          [
            0.997563,
            0.048521,
            -0.050131
          ],
          [
            -0.056628,
            0.98284,
            -0.175556
          ],
          [
            0.040752,
            0.177967,
            0.983192
          ]
        ],
        [
          [
            0.986337,
            -0.112092,
            0.120723
          ],
          [
            0.125614,
            0.98586,
            -0.110915
          ],
          [
            -0.106583,
            0.124564,
            0.98647
          ]
        ],
        [
          [
            0.99954,
            0.000319,
            -0.030327
          ],
          [
            0.006032,
            0.977874,
            0.209107
          ],
          [
            0.029722,
            -0.209193,
            0.977423
          ]
        ],
        [
          [
            0.991343,
            0.06906,
            0.111669
          ],
          [
            -0.066739,
            0.997472,
            -0.024396
          ],
          [
            -0.113072,
            0.016733,
            0.993446
          ]
        ],
        [
          [
            0.996962,
            -0.051574,
            -0.05836
          ],
          [
            0.043201,
            0.989683,
            -0.136605
          ],
          [
            0.064803,
            0.133669,
            0.988905
          ]
        ],
        [
          [
            0.989588,
            0.022096,
            -0.14222
          ],
          [
            0.047385,
            0.883036,
            0.466907
          ],
          [
            0.135902,
            -0.468784,
            0.872795
          ]
        ],
        [
          [
            0.939331,
            -0.219589,
            -0.263511
          ],
          [
            0.195364,
            0.973942,
            -0.115197
          ],
          [
            0.28194,
            0.056727,
            0.957754
          ]
        ],
        [
          [
            0.941701,
            0.074247,
            0.328157
          ],
          [
            -0.007424,
            0.979695,
            -0.200356
          ],
          [
            -0.336369,
            0.186239,
            0.923131
          ]
        ],
        [
          [
            0.998818,
            -0.039419,
            0.028436
          ],
          [
            0.042371,
            0.992799,
            -0.112048
          ],
          [
            -0.023814,
            0.11312,
            0.993296
          ]
        ],
        [
          [
            0.634011,
            0.151781,
            -0.758283
          ],
          [
            0.013289,
            0.978266,
            0.206926
          ],
          [
            0.77321,
            -0.14127,
            0.618215
          ]
        ],
        [
          [
            0.594627,
            -0.172771,
            0.785219
          ],
          [
            0.029328,
            0.98065,
            0.193562
          ],
          [
            -0.803466,
            -0.092068,
            0.588188
          ]
        ],
        [
          [
            0.959366,
            0.28211,
            -0.005552
          ],
          [
            -0.282115,
            0.959381,
            -0.00018
          ],
          [
            0.005276,
            0.001739,
            0.999985
          ]
        ],
        [
          [
            0.989139,
            -0.143878,
            -0.030041
          ],
          [
            0.145104,
            0.988453,
            0.043652
          ],
          [
            0.023414,
            -0.047537,
            0.998595
          ]
        ],
        [
          [
            0.99986,
            -0.002685,
            -0.01653
          ],
          [
            0.002756,
            0.999987,
            0.004266
          ],
          [
            0.016519,
            -0.004311,
            0.999854
          ]
        ],
        [
          [
            0.998679,
            0.027874,
            0.043157
          ],
          [
            -0.02531,
            0.997945,
            -0.058861
          ],
          [
            -0.044709,
            0.057691,
            0.997333
          ]
        ],
        [
          [
            1.0,
            0.0,
            0.0
          ],
          [
            0.0,
            1.0,
            0.0
          ],
          [
            0.0,
            0.0,
            1.0
          ]
        ],
        [
          [
            1.0,
            0.0,
            0.0
          ],
          [
            0.0,
            1.0,
            0.0
          ],
          [
            0.0,
            0.0,
            1.0
          ]
        ]
      ]
    },
    {
      "time_sec": 0.421986,
      "root_offset": [
        -0.050807,
        -0.025587,
        0.005637
      ],
      "local_rotation_matrices": [
        [
          [
            0.997935,
            -0.062052,
            -0.016564
          ],
          [
            0.060274,
            0.993926,
            -0.092074
          ],
          [
            0.022176,
            0.090886,
            0.995614
          ]
        ],
        [
          [
            0.990638,
            -0.136507,
            -0.001521
          ],
          [
            0.136472,
            0.990542,
            -0.014239
          ],
          [
            0.00345,
            0.013898,
            0.999897
          ]
        ],
        [
          [
            0.976298,
            0.179843,
            -0.120412
          ],
          [
            -0.20493,
            0.94709,
            -0.247029
          ],
          [
            0.069614,
            0.26585,
            0.961498
          ]
        ],
        [
          [
            0.999293,
            0.016625,
            0.033728
          ],
          [
            -0.025357,
            0.960264,
            0.27794
          ],
          [
            -0.027767,
            -0.278599,
            0.960006
          ]
        ],
        [
          [
            0.997842,
            0.065662,
            -0.000417
          ],
          [
            -0.064487,
            0.981141,
            0.182217
          ],
          [
            0.012374,
            -0.181797,
            0.983258
          ]
        ],
        [
          [
            0.997616,
            -0.063109,
            -0.027927
          ],
          [
            0.068386,
            0.849589,
            0.522994
          ],
          [
            -0.009279,
            -0.523657,
            0.851879
          ]
        ],
        [
          [
            0.966968,
            0.252681,
            -0.033531
          ],
          [
            -0.246137,
            0.891439,
            -0.380464
          ],
          [
            -0.066246,
            0.37615,
            0.924188
          ]
        ],
        [
          [
            0.998807,
            0.038136,
            -0.030509
          ],
          [
            -0.042911,
            0.983561,
            -0.175404
          ],
          [
            0.023319,
            0.176504,
            0.984024
          ]
        ],
        [
          [
            0.994639,
            -0.076406,
            0.069683
          ],
          [
            0.076429,
            0.997072,
            0.002336
          ],
          [
            -0.069657,
            0.003002,
            0.997566
          ]
        ],
        [
          [
            0.999569,
            0.004023,
            -0.029087
          ],
          [
            0.002437,
            0.975785,
            0.218718
          ],
          [
            0.029263,
            -0.218695,
            0.975354
          ]
        ],
        [
          [
            0.990411,
            0.078329,
            0.113801
          ],
          [
