{
  "format": "gf5_keyframed_motion",
  "version": 1,
  "name": "Walk backward",
  "profile_name": "course_body_24",
  "joint_order": [
    "pelvis",
    "left_hip",
    "right_hip",
    "spine1",
    "left_knee",
    "right_knee",
    "spine2",
    "left_ankle",
    "right_ankle",
    "spine3",
    "left_foot",
    "right_foot",
    "neck",
    "left_collar",
    "right_collar",
    "head",
    "left_shoulder",
    "right_shoulder",
    "left_elbow",
    "right_elbow",
    "left_wrist",
    "right_wrist",
    "left_hand",
    "right_hand"
  ],
  "coordinate_convention": {
    "name": "gf5_viewer_body",
    "up_axis": [
      0.0,
      0.0,
      1.0
    ],
    "forward_axis": [
      0.0,
      1.0,
      0.0
    ],
    "anatomical_right_axis": [
      1.0,
      0.0,
      0.0
    ],
    "native_smpl_to_viewer": "viewer=(-native_x, native_z, native_y)"
  },
  "duration_sec": 3.966667,
  "exported_at": "2026-05-13T23:48:15",
  "source_asset_name": null,
  "source_motion": {
    "format": "amass_npz",
    "path": "staff_tools/motion_fallback/packs/hy_motion_palette/clips/walk_backward_short_01.npz",
    "frame_rate": 30.0,
    "frame_count": 120,
    "pose_source": "poses",
    "translation_source": "trans",
    "start_sec": 0.0,
    "end_sec": 3.966667,
    "sample_fps": 12.0,
    "manifest": "staff_tools/motion_fallback/packs/hy_motion_palette/manifest.json"
  },
  "keyframes": [
    {
      "time_sec": 0.0,
      "root_offset": [
        0.0,
        0.0,
        0.0
      ],
      "local_rotation_matrices": [
        [
          [
            0.996039,
            -0.085226,
            0.025353
          ],
          [
            0.086973,
            0.993115,
            -0.07847
          ],
          [
            -0.018491,
            0.080364,
            0.996594
          ]
        ],
        [
          [
            0.866337,
            -0.497354,
            0.04581
          ],
          [
            0.498192,
            0.867027,
            -0.008363
          ],
          [
            -0.035559,
            0.030067,
            0.998915
          ]
        ],
        [
          [
            0.977013,
            0.212967,
            0.00949
          ],
          [
            -0.213178,
            0.97594,
            0.045794
          ],
          [
            0.000491,
            -0.046765,
            0.998906
          ]
        ],
        [
          [
            0.999729,
            -0.009867,
            -0.02107
          ],
          [
            0.015118,
            0.963868,
            0.265949
          ],
          [
            0.017685,
            -0.266196,
            0.963757
          ]
        ],
        [
          [
            0.99924,
            0.038703,
            0.004637
          ],
          [
            -0.038873,
            0.980669,
            0.191775
          ],
          [
            0.002875,
            -0.191809,
            0.981428
          ]
        ],
        [
          [
            0.998261,
            -0.058919,
            -0.001762
          ],
          [
            0.058687,
            0.99065,
            0.12316
          ],
          [
            -0.005511,
            -0.12305,
            0.992385
          ]
        ],
        [
          [
            0.986724,
            0.160466,
            -0.025014
          ],
          [
            -0.15893,
            0.922412,
            -0.35199
          ],
          [
            -0.03341,
            0.351293,
            0.935669
          ]
        ],
        [
          [
            0.988864,
            0.137242,
            -0.057559
          ],
          [
            -0.143796,
            0.980783,
            -0.131861
          ],
          [
            0.038356,
            0.13867,
            0.989596
          ]
        ],
        [
          [
            0.998313,
            -0.056451,
            -0.013582
          ],
          [
            0.054041,
            0.988929,
            -0.138197
          ],
          [
            0.021233,
            0.13723,
            0.990312
          ]
        ],
        [
          [
            0.999885,
            -0.003418,
            -0.014779
          ],
          [
            0.00602,
            0.983696,
            0.179741
          ],
          [
            0.013923,
            -0.179809,
            0.983603
          ]
        ],
        [
          [
            0.997897,
            0.032653,
            0.056001
          ],
          [
            -0.031675,
            0.999331,
            -0.018258
          ],
          [
            -0.05656,
            0.016446,
            0.998264
          ]
        ],
        [
          [
            0.998475,
            -0.02625,
            -0.048558
          ],
          [
            0.022217,
            0.996401,
            -0.081799
          ],
          [
            0.05053,
            0.080596,
            0.995465
          ]
        ],
        [
          [
            0.996475,
            0.026026,
            -0.079751
          ],
          [
            0.005317,
            0.929151,
            0.369663
          ],
          [
            0.083722,
            -0.368784,
            0.925737
          ]
        ],
        [
          [
            0.909375,
            -0.138293,
            -0.392316
          ],
          [
            0.092466,
            0.986727,
            -0.133491
          ],
          [
            0.40557,
            0.085118,
            0.910092
          ]
        ],
        [
          [
            0.880465,
            0.040737,
            0.472358
          ],
          [
            0.020511,
            0.992096,
            -0.123791
          ],
          [
            -0.473668,
            0.118682,
            0.87267
          ]
        ],
        [
          [
            0.999376,
            -0.033209,
            0.012054
          ],
          [
            0.033913,
            0.997384,
            -0.063829
          ],
          [
            -0.009903,
            0.064198,
            0.997888
          ]
        ],
        [
          [
            0.689447,
            0.074889,
            -0.720454
          ],
          [
            0.017679,
            0.992605,
            0.120096
          ],
          [
            0.72412,
            -0.095537,
            0.683025
          ]
        ],
        [
          [
            0.720518,
            0.037001,
            0.692448
          ],
          [
            -0.029418,
            0.999307,
            -0.022788
          ],
          [
            -0.692812,
            -0.003952,
            0.721107
          ]
        ],
        [
          [
            0.960002,
            0.279069,
            -0.022705
          ],
          [
            -0.278433,
            0.960059,
            0.02761
          ],
          [
            0.029504,
            -0.020183,
            0.999361
          ]
        ],
        [
          [
            0.972654,
            -0.23225,
            -0.001854
          ],
          [
            0.23222,
            0.972319,
            0.02589
          ],
          [
            -0.004211,
            -0.025613,
            0.999663
          ]
        ],
        [
          [
            0.999975,
            -0.007017,
            0.000585
          ],
          [
            0.007002,
            0.999738,
            0.021806
          ],
          [
            -0.000738,
            -0.021801,
            0.999762
          ]
        ],
        [
          [
            0.999321,
            0.025789,
            0.026299
          ],
          [
            -0.025377,
            0.999552,
            -0.015887
          ],
          [
            -0.026697,
            0.015209,
            0.999528
          ]
        ],
        [
          [
            1.0,
            0.0,
            0.0
          ],
          [
            0.0,
            1.0,
            0.0
          ],
          [
            0.0,
            0.0,
            1.0
          ]
        ],
        [
          [
            1.0,
            0.0,
            0.0
          ],
          [
            0.0,
            1.0,
            0.0
          ],
          [
            0.0,
            0.0,
            1.0
          ]
        ]
      ]
    },
    {
      "time_sec": 0.084397,
      "root_offset": [
        -0.001036,
        6.3e-05,
        -0.0004
      ],
      "local_rotation_matrices": [
        [
          [
            0.996277,
            -0.082263,
            0.025783
          ],
          [
            0.084069,
            0.993299,
            -0.079309
          ],
          [
            -0.019086,
            0.081181,
            0.996517
          ]
        ],
        [
          [
            0.867814,
            -0.494744,
            0.046118
          ],
          [
            0.495572,
            0.868531,
            -0.007884
          ],
          [
            -0.036154,
            0.029697,
            0.998905
          ]
        ],
        [
          [
            0.976571,
            0.215034,
            0.008325
          ],
          [
            -0.215189,
            0.975518,
            0.045377
          ],
          [
            0.001637,
            -0.046106,
            0.998935
          ]
        ],
        [
          [
            0.999743,
            -0.00995,
            -0.020386
          ],
          [
            0.015017,
            0.963858,
            0.265993
          ],
          [
            0.017002,
            -0.266231,
            0.963759
          ]
        ],
        [
          [
            0.999231,
            0.038953,
            0.004557
          ],
          [
            -0.039099,
            0.980336,
            0.193422
          ],
          [
            0.003067,
            -0.193451,
            0.981105
          ]
        ],
        [
          [
            0.998252,
            -0.059064,
            -0.00199
          ],
          [
            0.058846,
            0.990325,
            0.125669
          ],
          [
            -0.005451,
            -0.125567,
            0.99207
          ]
        ],
        [
          [
            0.986561,
            0.161485,
            -0.02491
          ],
          [
            -0.159836,
            0.922149,
            -0.35227
          ],
          [
            -0.033916,
            0.351517,
            0.935567
          ]
        ],
        [
          [
            0.988845,
            0.137307,
            -0.057734
          ],
          [
            -0.143919,
            0.980643,
            -0.132768
          ],
          [
            0.038387,
            0.139596,
            0.989464
          ]
        ],
        [
          [
            0.998289,
            -0.057038,
            -0.012909
          ],
          [
            0.054718,
            0.988918,
            -0.13801
          ],
          [
            0.020638,
            0.137068,
            0.990347
          ]
        ],
        [
          [
            0.999885,
            -0.00328,
            -0.014813
          ],
          [
            0.005889,
            0.983713,
            0.179649
          ],
          [
            0.013983,
            -0.179715,
            0.983619
          ]
        ],
        [
          [
            0.997891,
            0.032976,
            0.055916
          ],
          [
            -0.031978,
            0.999315,
            -0.018646
          ],
          [
            -0.056493,
            0.016819,
            0.998261
          ]
        ],
        [
          [
            0.998455,
            -0.02642,
            -0.048888
          ],
          [
            0.022382,
            0.996432,
            -0.081374
          ],
          [
            0.050864,
            0.080154,
            0.995484
          ]
        ],
        [
          [
            0.996528,
            0.025477,
            -0.079259
          ],
          [
            0.005613,
            0.929299,
            0.369286
          ],
          [
            0.083064,
            -0.368449,
            0.92593
          ]
        ],
        [
          [
            0.909694,
            -0.136291,
            -0.392278
          ],
          [
            0.090623,
            0.986996,
            -0.132762
          ],
          [
            0.405272,
            0.085223,
            0.910215
          ]
        ],
        [
          [
            0.880911,
            0.03785,
            0.471767
          ],
          [
            0.023452,
            0.992082,
            -0.123386
          ],
          [
            -0.472701,
            0.119756,
            0.873048
          ]
        ],
        [
          [
            0.999396,
            -0.032612,
            0.01202
          ],
          [
            0.033311,
            0.997423,
            -0.063545
          ],
          [
            -0.009917,
            0.063907,
            0.997907
          ]
        ],
        [
          [
            0.689849,
            0.072798,
            -0.720284
          ],
          [
            0.018055,
            0.992892,
            0.117642
          ],
          [
            0.723728,
            -0.09416,
            0.683631
          ]
        ],
        [
          [
            0.720975,
            0.036223,
            0.692013
          ],
          [
            -0.026482,
            0.999344,
            -0.02472
          ],
          [
            -0.692455,
            -0.000503,
            0.721461
          ]
        ],
        [
          [
            0.960447,
            0.27757,
            -0.022284
          ],
          [
            -0.27694,
            0.960488,
            0.027685
          ],
          [
            0.029088,
            -0.020418,
            0.999368
          ]
        ],
        [
          [
            0.972203,
            -0.234136,
            -0.001058
          ],
          [
            0.234084,
            0.971868,
            0.026019
          ],
          [
            -0.005064,
            -0.025544,
            0.999661
          ]
        ],
        [
          [
            0.999968,
            -0.007926,
            -0.000484
          ],
          [
            0.007934,
            0.999762,
            0.02032
          ],
          [
            0.000323,
            -0.020323,
            0.999793
          ]
        ],
        [
          [
            0.999357,
            0.025459,
            0.025233
          ],
          [
            -0.025073,
            0.999566,
            -0.015491
          ],
          [
            -0.025616,
            0.014848,
            0.999562
          ]
        ],
        [
          [
            1.0,
            0.0,
            0.0
          ],
          [
            0.0,
            1.0,
            0.0
          ],
          [
            0.0,
            0.0,
            1.0
          ]
        ],
        [
          [
            1.0,
            0.0,
            0.0
          ],
          [
            0.0,
            1.0,
            0.0
          ],
          [
            0.0,
            0.0,
            1.0
          ]
        ]
      ]
    },
    {
      "time_sec": 0.168794,
      "root_offset": [
        -0.000168,
        -0.000764,
        -0.000507
      ],
      "local_rotation_matrices": [
        [
          [
            0.996309,
            -0.081682,
            0.026403
          ],
          [
            0.08355,
            0.993306,
            -0.079772
          ],
          [
            -0.01971,
            0.081683,
            0.996463
          ]
        ],
        [
          [
            0.869213,
            -0.492296,
            0.04597
          ],
          [
            0.493109,
            0.869934,
            -0.007629
          ],
          [
            -0.036235,
            0.0293,
            0.998914
          ]
        ],
        [
          [
            0.976037,
            0.217468,
            0.007659
          ],
          [
            -0.217592,
            0.975018,
            0.044653
          ],
          [
            0.002242,
            -0.04525,
            0.998973
          ]
        ],
        [
          [
            0.999761,
            -0.009843,
            -0.019542
          ],
          [
            0.014678,
            0.964037,
            0.265363
          ],
          [
            0.016227,
            -0.265586,
            0.963951
          ]
        ],
        [
          [
            0.999231,
            0.038962,
            0.004487
          ],
          [
            -0.039094,
            0.980336,
            0.193426
          ],
          [
            0.003138,
            -0.193453,
            0.981105
          ]
        ],
        [
          [
            0.998264,
            -0.058859,
            -0.002075
          ],
          [
            0.058645,
            0.99016,
            0.127062
          ],
          [
            -0.005424,
            -0.126963,
            0.991893
          ]
        ],
        [
          [
            0.986334,
            0.162893,
            -0.024708
          ],
          [
            -0.161084,
            0.921958,
            -0.352201
          ],
          [
            -0.034591,
            0.351368,
            0.935598
          ]
        ],
        [
          [
            0.988785,
            0.137542,
            -0.058196
          ],
          [
            -0.144227,
            0.980563,
            -0.133019
          ],
          [
            0.038769,
            0.13992,
            0.989403
          ]
        ],
        [
          [
            0.998282,
            -0.057203,
            -0.012665
          ],
          [
            0.054925,
            0.988975,
            -0.137519
          ],
          [
            0.020392,
            0.136587,
            0.990418
          ]
        ],
        [
          [
            0.999884,
            -0.003272,
            -0.014896
          ],
          [
            0.005892,
            0.98375,
            0.179447
          ],
          [
            0.014067,
            -0.179514,
            0.983655
          ]
        ],
        [
          [
            0.997887,
            0.033123,
            0.055891
          ],
          [
            -0.032124,
            0.999309,
            -0.018683
          ],
          [
            -0.056471,
            0.016848,
            0.998262
          ]
        ],
        [
          [
            0.998429,
            -0.026531,
            -0.049347
          ],
          [
            0.022469,
            0.996451,
            -0.081122
          ],
          [
            0.051324,
            0.079886,
            0.995482
          ]
        ],
        [
          [
            0.996571,
            0.02518,
            -0.078814
          ],
          [
            0.005725,
            0.929299,
            0.369283
          ],
          [
            0.08254,
            -0.368468,
            0.925969
          ]
        ],
        [
          [
            0.909674,
            -0.135904,
            -0.392458
          ],
          [
            0.090187,
            0.987037,
            -0.132758
          ],
          [
            0.405412,
            0.085372,
            0.910139
          ]
        ],
        [
          [
            0.881223,
            0.035533,
            0.471363
          ],
          [
            0.025303,
            0.992195,
            -0.1221
          ],
          [
            -0.472022,
            0.119524,
            0.873447
          ]
        ],
        [
          [
            0.999402,
            -0.032498,
            0.011839
          ],
          [
            0.033186,
            0.997429,
            -0.063515
          ],
          [
            -0.009744,
            0.06387,
            0.997911
          ]
        ],
        [
          [
            0.690055,
            0.071385,
            -0.720228
          ],
          [
            0.017887,
            0.993138,
            0.115572
          ],
          [
            0.723536,
            -0.092634,
            0.684043
          ]
        ],
        [
          [
            0.721078,
            0.035273,
            0.691955
          ],
          [
            -0.02415,
            0.999376,
            -0.025777
          ],
          [
            -0.692433,
            0.001877,
            0.72148
          ]
        ],
        [
          [
            0.960812,
            0.276317,
            -0.022126
          ],
          [
            -0.275682,
            0.960843,
            0.027939
          ],
          [
            0.028979,
            -0.020745,
            0.999365
          ]
        ],
        [
          [
            0.971947,
            -0.2352,
            -0.000734
          ],
          [
            0.235141,
            0.971621,
            0.025712
          ],
          [
            -0.005334,
            -0.025163,
            0.999669
          ]
        ],
        [
          [
            0.99996,
            -0.008729,
            -0.001957
          ],
          [
            0.008767,
            0.999756,
            0.020275
          ],
          [
            0.00178,
            -0.020292,
            0.999793
          ]
        ],
        [
          [
            0.999346,
            0.025377,
            0.025753
          ],
          [
            -0.024994,
            0.999574,
            -0.015079
          ],
          [
            -0.026124,
            0.014425,
            0.999555
          ]
        ],
        [
          [
            1.0,
            0.0,
            0.0
          ],
          [
            0.0,
            1.0,
            0.0
          ],
          [
            0.0,
            0.0,
            1.0
          ]
        ],
        [
          [
            1.0,
            0.0,
            0.0
          ],
          [
            0.0,
            1.0,
            0.0
          ],
          [
            0.0,
            0.0,
            1.0
          ]
        ]
      ]
    },
    {
      "time_sec": 0.253192,
      "root_offset": [
        0.000374,
        -0.003962,
        -0.00072
      ],
      "local_rotation_matrices": [
        [
          [
            0.996171,
            -0.082611,
            0.02861
          ],
          [
            0.084694,
            0.993069,
            -0.081495
          ],
          [
            -0.02168,
            0.083606,
            0.996263
          ]
        ],
        [
          [
            0.870498,
            -0.490033,
            0.045845
          ],
          [
            0.490797,
            0.87125,
            -0.00646
          ],
          [
            -0.036777,
            0.028124,
            0.998928
          ]
        ],
        [
          [
            0.975313,
            0.220744,
            0.005984
          ],
          [
            -0.220796,
            0.974385,
            0.042691
          ],
          [
            0.003593,
            -0.042959,
            0.99907
          ]
        ],
        [
          [
            0.99978,
            -0.009454,
            -0.018698
          ],
          [
            0.014078,
            0.964061,
            0.265309
          ],
          [
            0.015518,
            -0.265514,
            0.963982
          ]
        ],
        [
          [
            0.999227,
            0.039052,
            0.004462
          ],
          [
            -0.039178,
            0.980382,
            0.193172
          ],
          [
            0.003169,
            -0.193198,
            0.981155
          ]
        ],
        [
          [
            0.99829,
            -0.058399,
            -0.002447
          ],
          [
            0.058213,
            0.989599,
            0.131548
          ],
          [
            -0.005261,
            -0.131466,
            0.991307
          ]
        ],
        [
          [
            0.985857,
            0.16579,
            -0.024502
          ],
          [
            -0.163711,
            0.921416,
            -0.352407
          ],
          [
            -0.035849,
            0.351434,
            0.935526
          ]
        ],
        [
          [
            0.988613,
            0.138284,
            -0.059352
          ],
          [
            -0.145111,
            0.980482,
            -0.132658
          ],
          [
            0.039849,
            0.13976,
            0.989383
          ]
        ],
        [
          [
            0.998279,
            -0.057041,
            -0.013625
          ],
          [
            0.054626,
            0.988946,
            -0.137849
          ],
          [
            0.021337,
            0.136867,
            0.99036
          ]
        ],
        [
          [
            0.999884,
            -0.003226,
            -0.014857
          ],
          [
            0.005839,
            0.983775,
            0.179312
          ],
          [
            0.014038,
            -0.179378,
            0.98368
          ]
        ],
        [
          [
            0.997896,
            0.033274,
            0.055647
          ],
          [
            -0.032298,
            0.99931,
            -0.018351
          ],
          [
            -0.056219,
            0.016515,
            0.998282
          ]
        ],
        [
          [
            0.998381,
            -0.026758,
            -0.050185
          ],
          [
            0.022637,
            0.99646,
            -0.08096
          ],
          [
            0.052173,
            0.079693,
            0.995453
          ]
        ],
        [
          [
            0.99659,
            0.025205,
            -0.078566
          ],
          [
            0.005643,
            0.92915,
            0.369661
          ],
          [
            0.082317,
            -0.368844,
            0.925839
          ]
        ],
        [
          [
            0.909272,
            -0.136588,
            -0.393153
          ],
          [
            0.090582,
            0.986917,
            -0.133376
          ],
          [
            0.406227,
            0.085662,
            0.909748
          ]
        ],
        [
          [
            0.88104,
            0.031779,
            0.471972
          ],
          [
            0.028056,
            0.992474,
            -0.119197
          ],
          [
            -0.472208,
            0.118259,
            0.873518
          ]
        ],
        [
          [
            0.999398,
            -0.032599,
            0.011899
          ],
          [
            0.033291,
            0.997421,
            -0.063587
          ],
          [
            -0.009795,
            0.063945,
            0.997905
          ]
        ],
        [
          [
            0.690917,
            0.070028,
            -0.719534
          ],
          [
            0.01699,
            0.99345,
            0.113001
          ],
          [
            0.722734,
            -0.0903,
            0.685201
          ]
        ],
        [
          [
            0.721282,
            0.033262,
            0.691843
          ],
          [
            -0.02098,
            0.999437,
            -0.026177
          ],
          [
            -0.692324,
            0.004366,
            0.721573
          ]
        ],
        [
          [
            0.96119,
            0.275012,
            -0.021953
          ],
          [
            -0.27437,
            0.961207,
            0.028329
          ],
          [
            0.028893,
            -0.021206,
            0.999358
          ]
        ],
        [
          [
            0.971295,
            -0.23788,
            2.4e-05
          ],
          [
            0.237805,
            0.970994,
            0.024906
          ],
          [
            -0.005948,
            -0.024186,
            0.99969
          ]
        ],
        [
          [
            0.999952,
            -0.009306,
            -0.002917
          ],
          [
            0.009363,
            0.999752,
            0.020227
          ],
          [
            0.002728,
            -0.020254,
            0.999791
          ]
        ],
        [
          [
            0.999357,
            0.025061,
            0.025624
          ],
          [
            -0.024685,
            0.999584,
            -0.014899
          ],
          [
            -0.025987,
            0.014257,
            0.999561
          ]
        ],
        [
          [
            1.0,
            0.0,
            0.0
          ],
          [
            0.0,
            1.0,
            0.0
          ],
          [
            0.0,
            0.0,
            1.0
          ]
        ],
        [
          [
            1.0,
            0.0,
            0.0
          ],
          [
            0.0,
            1.0,
            0.0
          ],
          [
            0.0,
            0.0,
            1.0
          ]
        ]
      ]
    },
    {
      "time_sec": 0.337589,
      "root_offset": [
        0.001171,
        -0.007992,
        -0.000528
      ],
      "local_rotation_matrices": [
        [
          [
            0.996147,
            -0.08233,
            0.030211
          ],
          [
            0.084583,
            0.992953,
            -0.083005
          ],
          [
            -0.023165,
            0.08524,
            0.996091
          ]
        ],
        [
          [
            0.871363,
            -0.488441,
            0.046379
          ],
          [
            0.489253,
            0.872111,
            -0.007375
          ],
          [
            -0.036845,
            0.029118,
            0.998897
          ]
        ],
        [
          [
            0.975371,
            0.220504,
            0.00539
          ],
          [
            -0.220545,
            0.974597,
            0.039001
          ],
          [
            0.003347,
            -0.039229,
            0.999225
          ]
        ],
        [
          [
            0.99979,
            -0.009362,
            -0.018251
          ],
          [
            0.013869,
            0.964087,
            0.265223
          ],
          [
            0.015113,
            -0.26542,
            0.964014
          ]
        ],
        [
          [
            0.999228,
            0.039029,
            0.004481
          ],
          [
            -0.039152,
            0.979961,
            0.195302
          ],
          [
            0.003231,
            -0.195326,
            0.980733
          ]
        ],
        [
          [
            0.998308,
            -0.058076,
            -0.002831
          ],
          [
            0.057913,
            0.988793,
            0.137602
          ],
          [
            -0.005192,
            -0.137533,
            0.990484
          ]
        ],
        [
          [
            0.985898,
            0.16559,
            -0.024182
          ],
          [
            -0.16341,
            0.921446,
            -0.35247
          ],
          [
            -0.036083,
            0.351451,
            0.935511
          ]
        ],
        [
          [
            0.988422,
            0.13923,
            -0.060302
          ],
          [
            -0.146171,
            0.980362,
            -0.132378
          ],
          [
            0.040687,
            0.13966,
            0.989363
          ]
        ],
        [
          [
            0.998341,
            -0.055558,
            -0.015091
          ],
          [
            0.052916,
            0.988788,
            -0.139634
          ],
          [
            0.022679,
            0.138604,
            0.990088
          ]
        ],
        [
          [
            0.999886,
            -0.003284,
            -0.014754
          ],
          [
            0.005877,
            0.983782,
            0.179273
          ],
          [
            0.013926,
            -0.179339,
            0.983689
          ]
        ],
        [
          [
            0.997885,
            0.03366,
            0.055602
          ],
          [
            -0.032705,
            0.999303,
            -0.018008
          ],
          [
            -0.056169,
            0.016152,
            0.998291
          ]
        ],
        [
          [
            0.998335,
            -0.027027,
            -0.05095
          ],
          [
            0.022834,
            0.99644,
            -0.08115
          ],
          [
            0.052962,
            0.079851,
            0.995399
          ]
        ],
        [
          [
            0.996605,
            0.025695,
            -0.078219
          ],
          [
            0.005112,
            0.928905,
            0.370282
          ],
          [
            0.082172,
            -0.369425,
            0.92562
          ]
        ],
        [
          [
            0.909432,
            -0.13705,
            -0.392621
          ],
          [
            0.091193,
            0.986878,
            -0.133253
          ],
          [
            0.405731,
            0.085381,
            0.909996
          ]
        ],
        [
          [
            0.881459,
            0.029837,
            0.471317
          ],
          [
            0.029147,
            0.992663,
            -0.117351
          ],
          [
            -0.47136,
            0.117178,
            0.874122
          ]
        ],
        [
          [
            0.999389,
            -0.032794,
            0.012063
          ],
          [
            0.033499,
            0.997398,
            -0.063841
          ],
          [
            -0.009938,
            0.064206,
            0.997887
          ]
        ],
        [
          [
            0.691175,
            0.069063,
            -0.71938
          ],
          [
            0.016107,
            0.993704,
            0.110875
          ],
          [
            0.722508,
            -0.088221,
            0.685711
          ]
        ],
        [
          [
            0.720267,
            0.031858,
            0.692965
          ],
          [
            -0.019501,
            0.99948,
            -0.025681
          ],
          [
            -0.693422,
            0.004984,
            0.720514
          ]
        ],
        [
          [
            0.961254,
            0.274813,
            -0.021661
          ],
          [
            -0.274172,
            0.961258,
            0.028517
          ],
          [
            0.028659,
            -0.021474,
            0.999359
          ]
        ],
        [
          [
            0.970609,
            -0.24066,
            0.00056
          ],
          [
            0.240571,
            0.970308,
            0.025053
          ],
          [
            -0.006572,
            -0.024182,
            0.999686
          ]
        ],
        [
          [
            0.999946,
            -0.009556,
            -0.00406
          ],
          [
            0.009636,
            0.999749,
            0.020227
          ],
          [
            0.003866,
            -0.020265,
            0.999787
          ]
        ],
        [
          [
            0.99936,
            0.025041,
            0.02553
          ],
          [
            -0.024685,
            0.999595,
            -0.014172
          ],
          [
            -0.025874,
            0.013533,
            0.999574
          ]
        ],
        [
          [
            1.0,
            0.0,
            0.0
          ],
          [
            0.0,
            1.0,
            0.0
          ],
          [
            0.0,
            0.0,
            1.0
          ]
        ],
        [
          [
            1.0,
            0.0,
            0.0
          ],
          [
            0.0,
            1.0,
            0.0
          ],
          [
            0.0,
            0.0,
            1.0
          ]
        ]
      ]
    },
    {
      "time_sec": 0.421986,
      "root_offset": [
        0.004765,
        -0.015868,
        -0.000202
      ],
      "local_rotation_matrices": [
        [
          [
            0.996173,
            -0.081015,
            0.032808
          ],
          [
            0.083517,
            0.992969,
            -0.083889
          ],
          [
            -0.025781,
            0.086308,
            0.995935
          ]
        ],
        [
          [
            0.874648,
            -0.482356,
            0.048205
          ],
          [
            0.48347,
            0.875245,
            -0.014233
          ],
          [
            -0.035326,
            0.035754,
            0.998736
          ]
        ],
        [
          [
            0.975808,
            0.218568,
            0.0051
          ],
          [
            -0.218625,
            0.975427,
            0.027301
          ],
          [
            0.000992,
            -0.027756,
            0.999614
          ]
        ],
        [
          [
            0.999818,
            -0.009235,
            -0.016709
          ],
          [
            0.013309,
            0.96465,
            0.2632
          ],
          [
            0.013688,
            -0.263374,
            0.964597
          ]
        ],
        [
          [
            0.999239,
            0.038708,
            0.004785
          ],
          [
            -0.038877,
            0.978652,
            0.201814
          ],
          [
            0.003129,
            -0.201847,
            0.979412
          ]
        ],
        [
          [
            0.998358,
            -0.057136,
            -0.004125
          ],
          [
            0.057101,
            0.986825,
            0.151381
          ],
          [
            -0.004579,
            -0.151368,
            0.988467
          ]
        ],
        [
          [
            0.986588,
            0.1614,
            -0.024387
          ],
          [
            -0.15968,
            0.923288,
            -0.349344
          ],
          [
            -0.033868,
            0.348553,
            0.936677
          ]
        ],
        [
          [
            0.98822,
            0.139862,
            -0.06212
          ],
          [
            -0.147083,
            0.980129,
            -0.133091
          ],
          [
            0.042271,
            0.14066,
            0.989155
          ]
        ],
        [
          [
            0.998452,
            -0.05236,
            -0.018761
          ],
          [
            0.049089,
            0.98816,
            -0.145363
          ],
          [
            0.02615,
            0.144217,
            0.989201
          ]
        ],
        [
          [
            0.999885,
            -0.003658,
            -0.014712
          ],
          [
            0.006244,
            0.983687,
            0.17978
          ],
          [
            0.013814,
            -0.179851,
            0.983597
          ]
        ],
        [
          [
            0.997835,
            0.034694,
            0.055872
          ],
          [
            -0.033738,
