{
  "format": "gf5_keyframed_motion",
  "version": 1,
  "name": "Walk cycle",
  "profile_name": "course_body_24",
  "joint_order": [
    "pelvis",
    "left_hip",
    "right_hip",
    "spine1",
    "left_knee",
    "right_knee",
    "spine2",
    "left_ankle",
    "right_ankle",
    "spine3",
    "left_foot",
    "right_foot",
    "neck",
    "left_collar",
    "right_collar",
    "head",
    "left_shoulder",
    "right_shoulder",
    "left_elbow",
    "right_elbow",
    "left_wrist",
    "right_wrist",
    "left_hand",
    "right_hand"
  ],
  "coordinate_convention": {
    "name": "gf5_viewer_body",
    "up_axis": [
      0.0,
      0.0,
      1.0
    ],
    "forward_axis": [
      0.0,
      1.0,
      0.0
    ],
    "anatomical_right_axis": [
      1.0,
      0.0,
      0.0
    ],
    "native_smpl_to_viewer": "viewer=(-native_x, native_z, native_y)"
  },
  "duration_sec": 2.2,
  "exported_at": "2026-05-13T23:48:15",
  "source_asset_name": null,
  "source_motion": {
    "format": "amass_npz",
    "path": "staff_tools/motion_fallback/packs/hy_motion_palette/clips/walk_forward_stop_01.npz",
    "frame_rate": 30.0,
    "frame_count": 120,
    "pose_source": "poses",
    "translation_source": "trans",
    "start_sec": 0.55,
    "end_sec": 2.75,
    "sample_fps": 12.0,
    "manifest": "staff_tools/motion_fallback/packs/hy_motion_palette/manifest.json"
  },
  "keyframes": [
    {
      "time_sec": 0.0,
      "root_offset": [
        0.0,
        0.0,
        0.0
      ],
      "local_rotation_matrices": [
        [
          [
            0.985703,
            -0.168017,
            -0.012647
          ],
          [
            0.167315,
            0.98491,
            -0.044247
          ],
          [
            0.019891,
            0.041499,
            0.998941
          ]
        ],
        [
          [
            0.980075,
            -0.096157,
            0.173802
          ],
          [
            0.151095,
            0.928898,
            -0.33811
          ],
          [
            -0.128932,
            0.357634,
            0.924919
          ]
        ],
        [
          [
            0.980558,
            -0.163692,
            0.108217
          ],
          [
            0.177883,
            0.974325,
            -0.138014
          ],
          [
            -0.082847,
            0.15458,
            0.984501
          ]
        ],
        [
          [
            0.993432,
            0.011467,
            0.113846
          ],
          [
            -0.025386,
            0.992258,
            0.121574
          ],
          [
            -0.11157,
            -0.123665,
            0.986032
          ]
        ],
        [
          [
            0.99239,
            0.06781,
            -0.102785
          ],
          [
            0.079506,
            0.284553,
            0.955358
          ],
          [
            0.094031,
            -0.956259,
            0.276996
          ]
        ],
        [
          [
            0.998487,
            -0.054621,
            0.006268
          ],
          [
            0.050122,
            0.95119,
            0.304508
          ],
          [
            -0.022594,
            -0.303733,
            0.952489
          ]
        ],
        [
          [
            0.997422,
            0.068091,
            -0.022642
          ],
          [
            -0.069039,
            0.996636,
            -0.044152
          ],
          [
            0.01956,
            0.045601,
            0.998768
          ]
        ],
        [
          [
            0.984612,
            -0.044177,
            -0.169077
          ],
          [
            0.064927,
            0.990741,
            0.119232
          ],
          [
            0.162244,
            -0.128375,
            0.978364
          ]
        ],
        [
          [
            0.999901,
            -0.007824,
            -0.011665
          ],
          [
            0.006564,
            0.994514,
            -0.104398
          ],
          [
            0.012418,
            0.104312,
            0.994467
          ]
        ],
        [
          [
            0.99921,
            0.037494,
            0.013174
          ],
          [
            -0.036133,
            0.995132,
            -0.09169
          ],
          [
            -0.016547,
            0.091142,
            0.9957
          ]
        ],
        [
          [
            0.997974,
            0.063516,
            -0.003818
          ],
          [
            -0.063462,
            0.989159,
            -0.132427
          ],
          [
            -0.004635,
            0.132401,
            0.991185
          ]
        ],
        [
          [
            0.98391,
            -0.05715,
            -0.169276
          ],
          [
            0.052346,
            0.998093,
            -0.032714
          ],
          [
            0.170823,
            0.023327,
            0.985026
          ]
        ],
        [
          [
            0.994849,
            0.064128,
            -0.078507
          ],
          [
            -0.060072,
            0.996787,
            0.052986
          ],
          [
            0.081652,
            -0.047997,
            0.995504
          ]
        ],
        [
          [
            0.97265,
            0.072778,
            -0.220581
          ],
          [
            0.01242,
            0.931992,
            0.362266
          ],
          [
            0.231944,
            -0.355098,
            0.905598
          ]
        ],
        [
          [
            0.988867,
            0.022522,
            0.147088
          ],
          [
            -0.059407,
            0.96604,
            0.251471
          ],
          [
            -0.13643,
            -0.257409,
            0.956623
          ]
        ],
        [
          [
            0.995321,
            -0.093165,
            0.025638
          ],
          [
            0.091189,
            0.993392,
            0.069686
          ],
          [
            -0.031961,
            -0.067022,
            0.997239
          ]
        ],
        [
          [
            0.375585,
            0.811235,
            -0.448144
          ],
          [
            -0.295578,
            0.563144,
            0.771688
          ],
          [
            0.87839,
            -0.157373,
            0.451292
          ]
        ],
        [
          [
            0.223326,
            -0.958364,
            0.177945
          ],
          [
            0.197255,
            0.223213,
            0.954603
          ],
          [
            -0.954576,
            -0.178087,
            0.238891
          ]
        ],
        [
          [
            0.855497,
            0.215554,
            0.47081
          ],
          [
            -0.292549,
            0.951421,
            0.095987
          ],
          [
            -0.427248,
            -0.219851,
            0.876997
          ]
        ],
        [
          [
            0.932874,
            -0.05189,
            -0.356445
          ],
          [
            0.110754,
            0.982951,
            0.146768
          ],
          [
            0.342752,
            -0.176394,
            0.922717
          ]
        ],
        [
          [
            0.946329,
            0.318804,
            -0.053163
          ],
          [
            -0.248541,
            0.612653,
            -0.750256
          ],
          [
            -0.206614,
            0.723201,
            0.659007
          ]
        ],
        [
          [
            0.992298,
            -0.123875,
            0.000151
          ],
          [
            0.071726,
            0.573564,
            -0.816015
          ],
          [
            0.100997,
            0.80974,
            0.578031
          ]
        ],
        [
          [
            1.0,
            0.0,
            0.0
          ],
          [
            0.0,
            1.0,
            0.0
          ],
          [
            0.0,
            0.0,
            1.0
          ]
        ],
        [
          [
            1.0,
            0.0,
            0.0
          ],
          [
            0.0,
            1.0,
            0.0
          ],
          [
            0.0,
            0.0,
            1.0
          ]
        ]
      ]
    },
    {
      "time_sec": 0.084615,
      "root_offset": [
        0.01334,
        -0.028752,
        0.001238
      ],
      "local_rotation_matrices": [
        [
          [
            0.99141,
            -0.130443,
            -0.00949
          ],
          [
            0.130056,
            0.990931,
            -0.033769
          ],
          [
            0.013809,
            0.032245,
            0.999385
          ]
        ],
        [
          [
            0.978839,
            -0.145993,
            0.143388
          ],
          [
            0.193626,
            0.887488,
            -0.418179
          ],
          [
            -0.066204,
            0.437094,
            0.896976
          ]
        ],
        [
          [
            0.970103,
            -0.219808,
            0.102878
          ],
          [
            0.217702,
            0.97551,
            0.03141
          ],
          [
            -0.107263,
            -0.008074,
            0.994198
          ]
        ],
        [
          [
            0.991613,
            -0.030647,
            0.125558
          ],
          [
            0.016924,
            0.993904,
            0.108942
          ],
          [
            -0.128131,
            -0.105903,
            0.986087
          ]
        ],
        [
          [
            0.995309,
            0.051722,
            -0.08176
          ],
          [
            0.030506,
            0.6342,
            0.772567
          ],
          [
            0.091811,
            -0.771437,
            0.629647
          ]
        ],
        [
          [
            0.998124,
            -0.061156,
            0.002761
          ],
          [
            0.059245,
            0.976338,
            0.207974
          ],
          [
            -0.015415,
            -0.207421,
            0.97813
          ]
        ],
        [
          [
            0.996929,
            0.058019,
            -0.052598
          ],
          [
            -0.061635,
            0.995644,
            -0.069964
          ],
          [
            0.04831,
            0.072991,
            0.996162
          ]
        ],
        [
          [
            0.990957,
            -0.047595,
            -0.125451
          ],
          [
            0.043077,
            0.99833,
            -0.038484
          ],
          [
            0.127073,
            0.032732,
            0.991353
          ]
        ],
        [
          [
            0.998507,
            -0.01176,
            -0.053334
          ],
          [
            0.003198,
            0.987457,
            -0.157853
          ],
          [
            0.054522,
            0.157447,
            0.986021
          ]
        ],
        [
          [
            0.999929,
            0.000524,
            -0.011891
          ],
          [
            -0.00139,
            0.997332,
            -0.072984
          ],
          [
            0.011821,
            0.072995,
            0.997262
          ]
        ],
        [
          [
            0.997983,
            0.063362,
            -0.003903
          ],
          [
            -0.063413,
            0.992136,
            -0.107915
          ],
          [
            -0.002965,
            0.107945,
            0.994152
          ]
        ],
        [
          [
            0.986713,
            -0.049856,
            -0.154633
          ],
          [
            0.0441,
            0.998208,
            -0.040438
          ],
          [
            0.156372,
            0.033081,
            0.987144
          ]
        ],
        [
          [
            0.99336,
            0.066013,
            -0.094223
          ],
          [
            -0.062698,
            0.997319,
            0.03772
          ],
          [
            0.096461,
            -0.031562,
            0.994836
          ]
        ],
        [
          [
            0.96814,
            -0.008133,
            -0.250279
          ],
          [
            0.093161,
            0.939428,
            0.329843
          ],
          [
            0.232436,
            -0.34265,
            0.910255
          ]
        ],
        [
          [
            0.995555,
            0.007084,
            0.093918
          ],
          [
            -0.031503,
            0.964777,
            0.261177
          ],
          [
            -0.08876,
            -0.262975,
            0.960711
          ]
        ],
        [
          [
            0.996252,
            -0.084581,
            0.018121
          ],
          [
            0.083578,
            0.995228,
            0.050356
          ],
          [
            -0.022293,
            -0.048653,
            0.998567
          ]
        ],
        [
          [
            0.344635,
            0.843962,
            -0.411041
          ],
          [
            -0.129849,
            0.476515,
            0.869524
          ],
          [
            0.929713,
            -0.246295,
            0.273812
          ]
        ],
        [
          [
            0.201894,
            -0.957421,
            0.20636
          ],
          [
            0.277386,
            0.257968,
            0.925478
          ],
          [
            -0.939306,
            -0.129607,
            0.317658
          ]
        ],
        [
          [
            0.93187,
            0.108507,
            0.346185
          ],
          [
            -0.160681,
            0.978972,
            0.125679
          ],
          [
            -0.325269,
            -0.172742,
            0.92971
          ]
        ],
        [
          [
            0.880429,
            -0.14958,
            -0.449968
          ],
          [
            0.220213,
            0.969384,
            0.108634
          ],
          [
            0.419942,
            -0.194733,
            0.886413
          ]
        ],
        [
          [
            0.960892,
            0.247597,
            -0.124023
          ],
          [
            -0.266134,
            0.701883,
            -0.660707
          ],
          [
            -0.076539,
            0.667875,
            0.740328
          ]
        ],
        [
          [
            0.990379,
            -0.13526,
            -0.029239
          ],
          [
            0.058582,
            0.601209,
            -0.796942
          ],
          [
            0.125373,
            0.787561,
            0.603348
          ]
        ],
        [
          [
            1.0,
            0.0,
            0.0
          ],
          [
            0.0,
            1.0,
            0.0
          ],
          [
            0.0,
            0.0,
            1.0
          ]
        ],
        [
          [
            1.0,
            0.0,
            0.0
          ],
          [
            0.0,
            1.0,
            0.0
          ],
          [
            0.0,
            0.0,
            1.0
          ]
        ]
      ]
    },
    {
      "time_sec": 0.169231,
      "root_offset": [
        0.01975,
        -0.062211,
        -0.019259
      ],
      "local_rotation_matrices": [
        [
          [
            0.993958,
            -0.090416,
            -0.062228
          ],
          [
            0.089454,
            0.995827,
            -0.018073
          ],
          [
            0.063602,
            0.012397,
            0.997898
          ]
        ],
        [
          [
            0.980127,
            -0.144824,
            0.135564
          ],
          [
            0.189948,
            0.882194,
            -0.430876
          ],
          [
            -0.057192,
            0.448063,
            0.892171
          ]
        ],
        [
          [
            0.956062,
            -0.257296,
            0.140512
          ],
          [
            0.245371,
            0.964589,
            0.096754
          ],
          [
            -0.16043,
            -0.058025,
            0.98534
          ]
        ],
        [
          [
            0.98668,
            -0.062829,
            0.150052
          ],
          [
            0.04884,
            0.994263,
            0.095161
          ],
          [
            -0.15517,
            -0.086565,
            0.984088
          ]
        ],
        [
          [
            0.998879,
            0.035521,
            -0.031304
          ],
          [
            -0.025338,
            0.959568,
            0.280335
          ],
          [
            0.039996,
            -0.279227,
            0.959392
          ]
        ],
        [
          [
            0.998408,
            -0.055971,
            0.006927
          ],
          [
            0.052417,
            0.966234,
            0.252277
          ],
          [
            -0.020814,
            -0.251513,
            0.96763
          ]
        ],
        [
          [
            0.998005,
            0.048504,
            -0.040415
          ],
          [
            -0.051285,
            0.996167,
            -0.070862
          ],
          [
            0.036823,
            0.072794,
            0.996667
          ]
        ],
        [
          [
            0.995406,
            -0.040197,
            -0.0869
          ],
          [
            0.032917,
            0.995952,
            -0.083639
          ],
          [
            0.08991,
            0.080395,
            0.9927
          ]
        ],
        [
          [
            0.996445,
            -0.025246,
            -0.080376
          ],
          [
            0.005148,
            0.970506,
            -0.241023
          ],
          [
            0.08409,
            0.239752,
            0.967185
          ]
        ],
        [
          [
            0.99937,
            -0.031769,
            -0.015813
          ],
          [
            0.030561,
            0.996971,
            -0.07152
          ],
          [
            0.018037,
            0.070992,
            0.997314
          ]
        ],
        [
          [
            0.99831,
            0.058085,
            -0.001716
          ],
          [
            -0.058065,
            0.995944,
            -0.068733
          ],
          [
            -0.002283,
            0.068717,
            0.997634
          ]
        ],
        [
          [
            0.99105,
            -0.044123,
            -0.125986
          ],
          [
            0.0364,
            0.997353,
            -0.062952
          ],
          [
            0.12843,
            0.057803,
            0.990033
          ]
        ],
        [
          [
            0.990194,
            0.07477,
            -0.118005
          ],
          [
            -0.070996,
            0.996831,
            0.035872
          ],
          [
            0.120313,
            -0.027142,
            0.992365
          ]
        ],
        [
          [
            0.95952,
            -0.064584,
            -0.274136
          ],
          [
            0.150095,
            0.940872,
            0.303696
          ],
          [
            0.238313,
            -0.332549,
            0.912479
          ]
        ],
        [
          [
            0.997255,
            -0.018112,
            0.07179
          ],
          [
            -0.002372,
            0.961306,
            0.275473
          ],
          [
            -0.074001,
            -0.274887,
            0.958624
          ]
        ],
        [
          [
            0.997708,
            -0.064335,
            0.020978
          ],
          [
            0.063675,
            0.997497,
            0.030738
          ],
          [
            -0.022903,
            -0.029332,
            0.999307
          ]
        ],
        [
          [
            0.347478,
            0.821647,
            -0.451835
          ],
          [
            0.029716,
            0.471969,
            0.881114
          ],
          [
            0.937217,
            -0.319595,
            0.139583
          ]
        ],
        [
          [
            0.209279,
            -0.954455,
            0.212646
          ],
          [
            0.334826,
            0.27426,
            0.901484
          ],
          [
            -0.918746,
            -0.117463,
            0.376974
          ]
        ],
        [
          [
            0.951446,
            0.070993,
            0.299519
          ],
          [
            -0.107861,
            0.988239,
            0.108394
          ],
          [
            -0.288301,
            -0.135438,
            0.947913
          ]
        ],
        [
          [
            0.850624,
            -0.194382,
            -0.488524
          ],
          [
            0.265998,
            0.960568,
            0.080953
          ],
          [
            0.453525,
            -0.198807,
            0.868787
          ]
        ],
        [
          [
            0.955549,
            0.183955,
            -0.230407
          ],
          [
            -0.288181,
            0.747816,
            -0.598099
          ],
          [
            0.062279,
            0.637911,
            0.767587
          ]
        ],
        [
          [
            0.990222,
            -0.135732,
            -0.0322
          ],
          [
            0.060805,
            0.627707,
            -0.776072
          ],
          [
            0.12555,
            0.766526,
            0.629822
          ]
        ],
        [
          [
            1.0,
            0.0,
            0.0
          ],
          [
            0.0,
            1.0,
            0.0
          ],
          [
            0.0,
            0.0,
            1.0
          ]
        ],
        [
          [
            1.0,
            0.0,
            0.0
          ],
          [
            0.0,
            1.0,
            0.0
          ],
          [
            0.0,
            0.0,
            1.0
          ]
        ]
      ]
    },
    {
      "time_sec": 0.253846,
      "root_offset": [
        0.02154,
        -0.067111,
        -0.036712
      ],
      "local_rotation_matrices": [
        [
          [
            0.9948,
            -0.0449,
            -0.091415
          ],
          [
            0.04422,
            0.998977,
            -0.009447
          ],
          [
            0.091746,
            0.005356,
            0.995768
          ]
        ],
        [
          [
            0.986674,
            -0.059943,
            0.151266
          ],
          [
            0.122262,
            0.886558,
            -0.44617
          ],
          [
            -0.107361,
            0.458718,
            0.882072
          ]
        ],
        [
          [
            0.950232,
            -0.274534,
            0.147274
          ],
          [
            0.257413,
            0.958152,
            0.125231
          ],
          [
            -0.175492,
            -0.081088,
            0.981136
          ]
        ],
        [
          [
            0.985416,
            -0.075807,
            0.152346
          ],
          [
            0.063962,
            0.994643,
            0.081204
          ],
          [
            -0.157685,
            -0.070276,
            0.984986
          ]
        ],
        [
          [
            0.999194,
            0.033875,
            -0.021525
          ],
          [
            -0.029846,
            0.985708,
            0.165795
          ],
          [
            0.026833,
            -0.165019,
            0.985925
          ]
        ],
        [
          [
            0.998671,
            -0.050078,
            0.012163
          ],
          [
            0.043794,
            0.949104,
            0.311904
          ],
          [
            -0.027163,
            -0.310957,
            0.950036
          ]
        ],
        [
          [
            0.99854,
            0.041368,
            -0.034749
          ],
          [
            -0.043623,
            0.99681,
            -0.06684
          ],
          [
            0.031873,
            0.068258,
            0.997158
          ]
        ],
        [
          [
            0.992667,
            -0.077162,
            -0.093048
          ],
          [
            0.067431,
            0.992337,
            -0.103536
          ],
          [
            0.100324,
            0.096503,
            0.990264
          ]
        ],
        [
          [
            0.997128,
            -0.049002,
            -0.057737
          ],
          [
            0.029563,
            0.95381,
            -0.298954
          ],
          [
            0.069719,
            0.296389,
            0.952519
          ]
        ],
        [
          [
            0.998848,
            -0.045637,
            -0.014837
          ],
          [
            0.044287,
            0.995711,
            -0.081233
          ],
          [
            0.01848,
            0.080482,
            0.996585
          ]
        ],
        [
          [
            0.998563,
            0.0535,
            0.002968
          ],
          [
            -0.053171,
            0.996223,
            -0.068651
          ],
          [
            -0.00663,
            0.068394,
            0.997636
          ]
        ],
        [
          [
            0.991477,
            -0.043261,
            -0.122888
          ],
          [
            0.03216,
            0.995338,
            -0.090924
          ],
          [
            0.126249,
            0.086197,
            0.988247
          ]
        ],
        [
          [
            0.988308,
            0.075664,
            -0.13237
          ],
          [
            -0.071661,
            0.996823,
            0.034754
          ],
          [
            0.134579,
            -0.024862,
            0.990591
          ]
        ],
        [
          [
            0.955269,
            -0.096828,
            -0.279436
          ],
          [
            0.179559,
            0.940685,
            0.287874
          ],
          [
            0.234987,
            -0.325172,
            0.915994
          ]
        ],
        [
          [
            0.996279,
            -0.034348,
            0.079047
          ],
          [
            0.010525,
            0.958781,
            0.28395
          ],
          [
            -0.085542,
            -0.282062,
            0.955575
          ]
        ],
        [
          [
            0.997392,
            -0.059135,
            0.041377
          ],
          [
            0.058434,
            0.99813,
            0.017941
          ],
          [
            -0.042361,
            -0.015476,
            0.998982
          ]
        ],
        [
          [
            0.356185,
            0.810492,
            -0.46501
          ],
          [
            0.13682,
            0.447048,
            0.883984
          ],
          [
            0.924345,
            -0.378484,
            0.04834
          ]
        ],
        [
          [
            0.220258,
            -0.95221,
            0.211619
          ],
          [
            0.342359,
            0.27861,
            0.897311
          ],
          [
            -0.913388,
            -0.12519,
            0.387363
          ]
        ],
        [
          [
            0.950762,
            0.074812,
            0.300758
          ],
          [
            -0.107232,
            0.989898,
            0.092752
          ],
          [
            -0.290781,
            -0.120435,
            0.94918
          ]
        ],
        [
          [
            0.842452,
            -0.204996,
            -0.498247
          ],
          [
            0.276747,
            0.95811,
            0.073733
          ],
          [
            0.462261,
            -0.200005,
            0.863894
          ]
        ],
        [
          [
            0.941755,
            0.145504,
            -0.303194
          ],
          [
            -0.301881,
            0.763081,
            -0.571468
          ],
          [
            0.148211,
            0.629711,
            0.76256
          ]
        ],
        [
          [
            0.988975,
            -0.144505,
            -0.032339
          ],
          [
            0.069244,
            0.644336,
            -0.761601
          ],
          [
            0.130893,
            0.750966,
            0.647238
          ]
        ],
        [
          [
            1.0,
            0.0,
            0.0
          ],
          [
            0.0,
            1.0,
            0.0
          ],
          [
            0.0,
            0.0,
            1.0
          ]
        ],
        [
          [
            1.0,
            0.0,
            0.0
          ],
          [
            0.0,
            1.0,
            0.0
          ],
          [
            0.0,
            0.0,
            1.0
          ]
        ]
      ]
    },
    {
      "time_sec": 0.338462,
      "root_offset": [
        0.02372,
        -0.051731,
        -0.041538
      ],
      "local_rotation_matrices": [
        [
          [
            0.999383,
            -0.031125,
            0.016297
          ],
          [
            0.031318,
            0.99944,
            -0.011757
          ],
          [
            -0.015922,
            0.01226,
            0.999798
          ]
        ],
        [
          [
            0.994005,
            -0.095887,
            0.052537
          ],
          [
            0.109227,
            0.849463,
            -0.516219
          ],
          [
            0.004871,
            0.518863,
            0.854844
          ]
        ],
        [
          [
            0.97064,
            -0.240274,
            0.011242
          ],
          [
            0.238065,
            0.966298,
            0.097943
          ],
          [
            -0.034396,
            -0.092391,
            0.995129
          ]
        ],
        [
          [
            0.99812,
            -0.055651,
            0.025668
          ],
          [
            0.053653,
            0.995896,
            0.072891
          ],
          [
            -0.029619,
            -0.071377,
            0.99701
          ]
        ],
        [
          [
            0.998192,
            0.044231,
            -0.040691
          ],
          [
            -0.021469,
            0.894785,
            0.445982
          ],
          [
            0.056136,
            -0.444302,
            0.894117
          ]
        ],
        [
          [
            0.998527,
            -0.050787,
            0.019103
          ],
          [
            0.033568,
            0.854782,
            0.5179
          ],
          [
            -0.042631,
            -0.516496,
            0.855228
          ]
        ],
        [
          [
            0.996411,
            0.042786,
            -0.073032
          ],
          [
            -0.049026,
            0.995096,
            -0.085913
          ],
          [
            0.068998,
            0.089185,
            0.993622
          ]
        ],
        [
          [
            0.999348,
            0.008344,
            -0.035123
          ],
          [
            -0.005675,
            0.997138,
            0.075391
          ],
          [
            0.035651,
            -0.075143,
            0.996535
          ]
        ],
        [
          [
            0.997385,
            -0.057716,
            0.043501
          ],
          [
            0.067402,
            0.960032,
            -0.271652
          ],
          [
            -0.026084,
            0.273873,
            0.961412
          ]
        ],
        [
          [
            0.999431,
            -0.031818,
            -0.011232
          ],
          [
            0.031101,
            0.997765,
            -0.059134
          ],
          [
            0.013089,
            0.058751,
            0.998187
          ]
        ],
        [
          [
            0.99843,
            0.053597,
            0.016289
          ],
          [
            -0.052154,
            0.995519,
            -0.078881
          ],
          [
            -0.020444,
            0.077908,
            0.996751
          ]
        ],
        [
          [
            0.986376,
            -0.060501,
            -0.152978
          ],
          [
            0.02415,
            0.973095,
            -0.229135
          ],
          [
            0.162725,
            0.222318,
            0.961299
          ]
        ],
        [
          [
            0.988594,
            0.055444,
            -0.140025
          ],
          [
            -0.054193,
            0.998449,
            0.012738
          ],
          [
            0.140514,
            -0.005004,
            0.990066
          ]
        ],
        [
          [
            0.949683,
            -0.108883,
            -0.293677
          ],
          [
            0.19448,
            0.939976,
            0.280398
          ],
          [
            0.245518,
            -0.323403,
            0.913855
          ]
        ],
        [
          [
            0.988569,
            -0.022071,
            0.149145
          ],
          [
            -0.019156,
            0.962823,
            0.269454
          ],
          [
            -0.149547,
            -0.269231,
            0.951394
          ]
        ],
        [
          [
            0.993084,
            -0.065361,
            0.097528
          ],
          [
            0.067228,
            0.99761,
            -0.015985
          ],
          [
            -0.09625,
            0.022431,
            0.995104
          ]
        ],
        [
          [
            0.399825,
            0.82084,
            -0.407874
          ],
          [
            0.10908,
            0.399217,
            0.910345
          ],
          [
            0.910078,
            -0.40847,
            0.070079
          ]
        ],
        [
          [
            0.232695,
            -0.947076,
            0.221135
          ],
          [
            0.305723,
            0.287083,
            0.907809
          ],
          [
            -0.923248,
            -0.143636,
            0.356346
          ]
        ],
        [
          [
            0.970559,
            0.033901,
            0.238465
          ],
          [
            -0.062296,
            0.99169,
            0.112563
          ],
          [
            -0.232667,
            -0.124104,
            0.964606
          ]
        ],
        [
          [
            0.85682,
            -0.182344,
            -0.482297
          ],
          [
            0.253041,
            0.963697,
            0.085189
          ],
          [
            0.449255,
            -0.195033,
            0.871856
          ]
        ],
        [
          [
            0.955548,
            0.120869,
            -0.268922
          ],
          [
            -0.26723,
            0.74041,
            -0.61675
          ],
          [
            0.124567,
            0.661198,
            0.739797
          ]
        ],
        [
          [
            0.988994,
            -0.136887,
            -0.056145
          ],
          [
            0.045738,
            0.64376,
            -0.763859
          ],
          [
            0.140706,
            0.752885,
            0.642936
          ]
        ],
        [
          [
            1.0,
            0.0,
            0.0
          ],
          [
            0.0,
            1.0,
            0.0
          ],
          [
            0.0,
            0.0,
            1.0
          ]
        ],
        [
          [
            1.0,
            0.0,
            0.0
          ],
          [
            0.0,
            1.0,
            0.0
          ],
          [
            0.0,
            0.0,
            1.0
          ]
        ]
      ]
    },
    {
      "time_sec": 0.423077,
      "root_offset": [
        0.017674,
        -0.049001,
        -0.031056
      ],
      "local_rotation_matrices": [
        [
          [
            0.998409,
            -0.038915,
            0.040806
          ],
          [
            0.040237,
            0.998675,
            -0.032091
          ],
          [
            -0.039503,
            0.033682,
            0.998652
          ]
        ],
        [
          [
            0.988237,
            -0.151337,
            0.022039
          ],
          [
            0.144615,
            0.877849,
            -0.456584
          ],
          [
            0.049751,
            0.4544,
            0.889408
          ]
        ],
        [
          [
            0.984923,
            -0.16759,
            -0.042902
          ],
          [
            0.166753,
            0.985744,
            -0.022426
          ],
          [
            0.046049,
            0.014934,
            0.998828
          ]
        ],
        [
          [
            0.99922,
            -0.039402,
            0.002418
          ],
          [
            0.039017,
            0.99506,
            0.091291
          ],
          [
            -0.006003,
            -0.091125,
            0.995821
          ]
        ],
        [
          [
            0.997395,
            0.054622,
            -0.047122
          ],
          [
            -0.025063,
            0.874896,
            0.483661
          ],
          [
            0.067646,
            -0.48122,
            0.873986
          ]
        ],
        [
          [
            0.998203,
            -0.052875,
            0.028212
          ],
          [
            0.013669,
            0.659204,
            0.75184
          ],
          [
            -0.058351,
            -0.750103,
            0.658741
          ]
        ],
        [
          [
            0.994642,
            0.044058,
            -0.093525
          ],
          [
            -0.052575,
            0.994494,
            -0.090651
          ],
          [
            0.089017,
            0.095082,
            0.991481
          ]
        ],
        [
          [
            0.998362,
            0.056969,
            -0.005268
          ],
          [
            -0.056602,
            0.996928,
            0.05414
          ],
          [
            0.008336,
            -0.053753,
            0.998519
          ]
        ],
        [
          [
            0.987039,
            -0.105796,
            0.120673
          ],
          [
            0.116292,
            0.989697,
            -0.083519
          ],
          [
            -0.110593,
            0.09647,
            0.989173
          ]
        ],
        [
          [
            0.999549,
            -0.022891,
            -0.01944
          ],
          [
            0.021995,
            0.99874,
            -0.045095
          ],
          [
            0.020447,
            0.044647,
            0.998794
          ]
        ],
        [
          [
            0.99743,
            0.068436,
            0.021224
          ],
          [
            -0.066669,
