{
  "format": "gf5_keyframed_motion",
  "version": 1,
  "name": "Side step left",
  "profile_name": "course_body_24",
  "joint_order": [
    "pelvis",
    "left_hip",
    "right_hip",
    "spine1",
    "left_knee",
    "right_knee",
    "spine2",
    "left_ankle",
    "right_ankle",
    "spine3",
    "left_foot",
    "right_foot",
    "neck",
    "left_collar",
    "right_collar",
    "head",
    "left_shoulder",
    "right_shoulder",
    "left_elbow",
    "right_elbow",
    "left_wrist",
    "right_wrist",
    "left_hand",
    "right_hand"
  ],
  "coordinate_convention": {
    "name": "gf5_viewer_body",
    "up_axis": [
      0.0,
      0.0,
      1.0
    ],
    "forward_axis": [
      0.0,
      1.0,
      0.0
    ],
    "anatomical_right_axis": [
      1.0,
      0.0,
      0.0
    ],
    "native_smpl_to_viewer": "viewer=(-native_x, native_z, native_y)"
  },
  "duration_sec": 3.966667,
  "exported_at": "2026-05-13T23:48:15",
  "source_asset_name": null,
  "source_motion": {
    "format": "amass_npz",
    "path": "staff_tools/motion_fallback/packs/hy_motion_palette/clips/step_left_01.npz",
    "frame_rate": 30.0,
    "frame_count": 120,
    "pose_source": "poses",
    "translation_source": "trans",
    "start_sec": 0.0,
    "end_sec": 3.966667,
    "sample_fps": 12.0,
    "manifest": "staff_tools/motion_fallback/packs/hy_motion_palette/manifest.json"
  },
  "keyframes": [
    {
      "time_sec": 0.0,
      "root_offset": [
        0.0,
        0.0,
        0.0
      ],
      "local_rotation_matrices": [
        [
          [
            0.998153,
            0.060196,
            -0.008224
          ],
          [
            -0.048751,
            0.874342,
            0.482855
          ],
          [
            0.036257,
            -0.481562,
            0.875662
          ]
        ],
        [
          [
            0.989282,
            -0.14558,
            0.011303
          ],
          [
            0.128169,
            0.82866,
            -0.544881
          ],
          [
            0.069957,
            0.540489,
            0.838437
          ]
        ],
        [
          [
            0.996466,
            -0.017313,
            0.082195
          ],
          [
            0.05716,
            0.856782,
            -0.512501
          ],
          [
            -0.06155,
            0.515388,
            0.854744
          ]
        ],
        [
          [
            0.999777,
            -0.005571,
            -0.020378
          ],
          [
            0.004207,
            0.997785,
            -0.066382
          ],
          [
            0.020703,
            0.066282,
            0.997586
          ]
        ],
        [
          [
            0.993556,
            0.099729,
            -0.053851
          ],
          [
            -0.088887,
            0.98042,
            0.175715
          ],
          [
            0.070321,
            -0.169796,
            0.982967
          ]
        ],
        [
          [
            0.995565,
            -0.092218,
            0.018592
          ],
          [
            0.087996,
            0.982762,
            0.162593
          ],
          [
            -0.033266,
            -0.160236,
            0.986518
          ]
        ],
        [
          [
            0.997371,
            -0.056158,
            0.045796
          ],
          [
            0.061881,
            0.988912,
            -0.134995
          ],
          [
            -0.037707,
            0.137474,
            0.989787
          ]
        ],
        [
          [
            0.986928,
            -0.108917,
            0.118786
          ],
          [
            0.129728,
            0.974222,
            -0.18456
          ],
          [
            -0.095622,
            0.197557,
            0.975616
          ]
        ],
        [
          [
            0.965401,
            0.13751,
            0.221565
          ],
          [
            -0.100532,
            0.980245,
            -0.170335
          ],
          [
            -0.240611,
            0.142167,
            0.960154
          ]
        ],
        [
          [
            0.999797,
            -0.019846,
            0.003343
          ],
          [
            0.01999,
            0.99851,
            -0.050775
          ],
          [
            -0.00233,
            0.050832,
            0.998704
          ]
        ],
        [
          [
            0.996091,
            0.055093,
            0.069043
          ],
          [
            -0.029599,
            0.944645,
            -0.326757
          ],
          [
            -0.083223,
            0.323436,
            0.942583
          ]
        ],
        [
          [
            0.724952,
            -0.221654,
            -0.652161
          ],
          [
            0.276259,
            0.960886,
            -0.019488
          ],
          [
            0.630972,
            -0.166037,
            0.75783
          ]
        ],
        [
          [
            0.962503,
            -0.2621,
            0.069946
          ],
          [
            0.232384,
            0.929666,
            0.285865
          ],
          [
            -0.139952,
            -0.258892,
            0.955714
          ]
        ],
        [
          [
            0.844951,
            -0.385472,
            -0.370767
          ],
          [
            0.281213,
            0.90986,
            -0.305081
          ],
          [
            0.454946,
            0.153514,
            0.877187
          ]
        ],
        [
          [
            0.780167,
            0.450029,
            0.434526
          ],
          [
            -0.398487,
            0.89296,
            -0.209358
          ],
          [
            -0.482231,
            -0.009819,
            0.875989
          ]
        ],
        [
          [
            0.985186,
            0.009424,
            -0.171233
          ],
          [
            -0.061082,
            0.952289,
            -0.299023
          ],
          [
            0.160245,
            0.305052,
            0.938757
          ]
        ],
        [
          [
            0.488686,
            0.253417,
            -0.834845
          ],
          [
            0.268629,
            0.866695,
            0.42033
          ],
          [
            0.830075,
            -0.429673,
            0.355467
          ]
        ],
        [
          [
            0.580629,
            -0.595529,
            0.555172
          ],
          [
            0.10393,
            0.730524,
            0.674932
          ],
          [
            -0.807508,
            -0.334186,
            0.486056
          ]
        ],
        [
          [
            0.6065,
            0.682208,
            0.40835
          ],
          [
            -0.655543,
            0.719692,
            -0.228708
          ],
          [
            -0.449912,
            -0.12898,
            0.88371
          ]
        ],
        [
          [
            0.766439,
            -0.576392,
            -0.28345
          ],
          [
            0.52044,
            0.815904,
            -0.25188
          ],
          [
            0.37645,
            0.045532,
            0.925318
          ]
        ],
        [
          [
            0.997054,
            0.03475,
            -0.068386
          ],
          [
            -0.02718,
            0.993707,
            0.108666
          ],
          [
            0.071732,
            -0.106487,
            0.991723
          ]
        ],
        [
          [
            0.994073,
            -0.057921,
            0.092
          ],
          [
            0.027733,
            0.95336,
            0.300558
          ],
          [
            -0.105118,
            -0.296225,
            0.949316
          ]
        ],
        [
          [
            1.0,
            0.0,
            0.0
          ],
          [
            0.0,
            1.0,
            0.0
          ],
          [
            0.0,
            0.0,
            1.0
          ]
        ],
        [
          [
            1.0,
            0.0,
            0.0
          ],
          [
            0.0,
            1.0,
            0.0
          ],
          [
            0.0,
            0.0,
            1.0
          ]
        ]
      ]
    },
    {
      "time_sec": 0.084397,
      "root_offset": [
        0.001263,
        0.002251,
        -0.000932
      ],
      "local_rotation_matrices": [
        [
          [
            0.998182,
            0.060237,
            -0.00226
          ],
          [
            -0.051595,
            0.873146,
            0.48472
          ],
          [
            0.031171,
            -0.483722,
            0.874666
          ]
        ],
        [
          [
            0.988529,
            -0.150985,
            0.003699
          ],
          [
            0.128649,
            0.82896,
            -0.544311
          ],
          [
            0.079116,
            0.538544,
            0.838875
          ]
        ],
        [
          [
            0.997055,
            -0.015516,
            0.075111
          ],
          [
            0.051668,
            0.859632,
            -0.508295
          ],
          [
            -0.056681,
            0.510678,
            0.857901
          ]
        ],
        [
          [
            0.999726,
            -0.004747,
            -0.022906
          ],
          [
            0.003272,
            0.997947,
            -0.063969
          ],
          [
            0.023163,
            0.063877,
            0.997689
          ]
        ],
        [
          [
            0.993359,
            0.102701,
            -0.051875
          ],
          [
            -0.091872,
            0.979411,
            0.17976
          ],
          [
            0.069269,
            -0.1738,
            0.982342
          ]
        ],
        [
          [
            0.995537,
            -0.091971,
            0.021171
          ],
          [
            0.087634,
            0.984122,
            0.154351
          ],
          [
            -0.03503,
            -0.151807,
            0.987789
          ]
        ],
        [
          [
            0.99743,
            -0.055267,
            0.045587
          ],
          [
            0.060901,
            0.989211,
            -0.133241
          ],
          [
            -0.037732,
            0.135675,
            0.990035
          ]
        ],
        [
          [
            0.987098,
            -0.110751,
            0.115635
          ],
          [
            0.13196,
            0.971732,
            -0.195766
          ],
          [
            -0.090685,
            0.208499,
            0.973809
          ]
        ],
        [
          [
            0.968985,
            0.125145,
            0.213088
          ],
          [
            -0.090515,
            0.982102,
            -0.165174
          ],
          [
            -0.229945,
            0.140764,
            0.96297
          ]
        ],
        [
          [
            0.999806,
            -0.019684,
            0.000785
          ],
          [
            0.019695,
            0.997831,
            -0.062805
          ],
          [
            0.000453,
            0.062808,
            0.998026
          ]
        ],
        [
          [
            0.995818,
            0.055399,
            0.072651
          ],
          [
            -0.030603,
            0.951511,
            -0.306089
          ],
          [
            -0.086085,
            0.302586,
            0.949227
          ]
        ],
        [
          [
            0.738289,
            -0.220764,
            -0.637332
          ],
          [
            0.272958,
            0.961876,
            -0.016986
          ],
          [
            0.616784,
            -0.161425,
            0.770402
          ]
        ],
        [
          [
            0.962717,
            -0.261923,
            0.067619
          ],
          [
            0.233038,
            0.929961,
            0.284368
          ],
          [
            -0.137365,
            -0.258008,
            0.956328
          ]
        ],
        [
          [
            0.844987,
            -0.377416,
            -0.378885
          ],
          [
            0.287492,
            0.917976,
            -0.273254
          ],
          [
            0.450938,
            0.12197,
            0.884182
          ]
        ],
        [
          [
            0.780924,
            0.442245,
            0.441109
          ],
          [
            -0.405512,
            0.896092,
            -0.180495
          ],
          [
            -0.475098,
            -0.037922,
            0.879116
          ]
        ],
        [
          [
            0.985227,
            0.013955,
            -0.170684
          ],
          [
            -0.060874,
            0.960121,
            -0.272877
          ],
          [
            0.160069,
            0.279236,
            0.946787
          ]
        ],
        [
          [
            0.482478,
            0.230698,
            -0.844981
          ],
          [
            0.259204,
            0.883879,
            0.389322
          ],
          [
            0.836677,
            -0.406861,
            0.366654
          ]
        ],
        [
          [
            0.577632,
            -0.597893,
            0.555756
          ],
          [
            0.121361,
            0.73616,
            0.665837
          ],
          [
            -0.807225,
            -0.317162,
            0.497791
          ]
        ],
        [
          [
            0.597325,
            0.687373,
            0.413185
          ],
          [
            -0.667012,
            0.711842,
            -0.219945
          ],
          [
            -0.445307,
            -0.144221,
            0.883687
          ]
        ],
        [
          [
            0.758102,
            -0.583084,
            -0.29205
          ],
          [
            0.532147,
            0.811983,
            -0.239798
          ],
          [
            0.376963,
            0.026378,
            0.925853
          ]
        ],
        [
          [
            0.997258,
            0.03242,
            -0.06652
          ],
          [
            -0.025764,
            0.994796,
            0.098576
          ],
          [
            0.069369,
            -0.096592,
            0.992904
          ]
        ],
        [
          [
            0.994317,
            -0.053083,
            0.092276
          ],
          [
            0.026009,
            0.961673,
            0.272962
          ],
          [
            -0.10323,
            -0.269011,
            0.957589
          ]
        ],
        [
          [
            1.0,
            0.0,
            0.0
          ],
          [
            0.0,
            1.0,
            0.0
          ],
          [
            0.0,
            0.0,
            1.0
          ]
        ],
        [
          [
            1.0,
            0.0,
            0.0
          ],
          [
            0.0,
            1.0,
            0.0
          ],
          [
            0.0,
            0.0,
            1.0
          ]
        ]
      ]
    },
    {
      "time_sec": 0.168794,
      "root_offset": [
        0.000235,
        0.003591,
        -0.002024
      ],
      "local_rotation_matrices": [
        [
          [
            0.998317,
            0.057956,
            -0.002068
          ],
          [
            -0.04968,
            0.873063,
            0.485069
          ],
          [
            0.029918,
            -0.48415,
            0.874473
          ]
        ],
        [
          [
            0.988153,
            -0.153454,
            0.002511
          ],
          [
            0.130114,
            0.828954,
            -0.543972
          ],
          [
            0.081393,
            0.537855,
            0.839099
          ]
        ],
        [
          [
            0.997346,
            -0.007177,
            0.072458
          ],
          [
            0.042849,
            0.862424,
            -0.50437
          ],
          [
            -0.05887,
            0.506136,
            0.860442
          ]
        ],
        [
          [
            0.999715,
            -0.00381,
            -0.023583
          ],
          [
            0.002326,
            0.998034,
            -0.062629
          ],
          [
            0.023776,
            0.062556,
            0.997758
          ]
        ],
        [
          [
            0.993236,
            0.104029,
            -0.051575
          ],
          [
            -0.093021,
            0.978746,
            0.182765
          ],
          [
            0.069491,
            -0.176731,
            0.981803
          ]
        ],
        [
          [
            0.995355,
            -0.093517,
            0.022887
          ],
          [
            0.089111,
            0.984854,
            0.148736
          ],
          [
            -0.03645,
            -0.146005,
            0.988612
          ]
        ],
        [
          [
            0.997357,
            -0.055584,
            0.046781
          ],
          [
            0.061364,
            0.989231,
            -0.132875
          ],
          [
            -0.038892,
            0.135394,
            0.990028
          ]
        ],
        [
          [
            0.98775,
            -0.109266,
            0.111407
          ],
          [
            0.130453,
            0.96997,
            -0.205283
          ],
          [
            -0.085631,
            0.217302,
            0.972341
          ]
        ],
        [
          [
            0.9717,
            0.114352,
            0.206693
          ],
          [
            -0.081167,
            0.98337,
            -0.162464
          ],
          [
            -0.221834,
            0.14109,
            0.964823
          ]
        ],
        [
          [
            0.999829,
            -0.018468,
            -0.00113
          ],
          [
            0.018335,
            0.997124,
            -0.073535
          ],
          [
            0.002485,
            0.073502,
            0.997292
          ]
        ],
        [
          [
            0.995274,
            0.056831,
            0.078734
          ],
          [
            -0.031468,
            0.955853,
            -0.292157
          ],
          [
            -0.091862,
            0.288298,
            0.953124
          ]
        ],
        [
          [
            0.748789,
            -0.218407,
            -0.62579
          ],
          [
            0.269471,
            0.962912,
            -0.01363
          ],
          [
            0.605558,
            -0.158426,
            0.779872
          ]
        ],
        [
          [
            0.962458,
            -0.264617,
            0.060435
          ],
          [
            0.236707,
            0.927225,
            0.290214
          ],
          [
            -0.132832,
            -0.265014,
            0.955051
          ]
        ],
        [
          [
            0.844819,
            -0.373246,
            -0.383364
          ],
          [
            0.295145,
            0.922718,
            -0.247954
          ],
          [
            0.446284,
            0.096328,
            0.889692
          ]
        ],
        [
          [
            0.780407,
            0.435288,
            0.448875
          ],
          [
            -0.41102,
            0.89812,
            -0.156343
          ],
          [
            -0.471198,
            -0.062485,
            0.879811
          ]
        ],
        [
          [
            0.986107,
            0.029569,
            -0.16346
          ],
          [
            -0.070585,
            0.96536,
            -0.251192
          ],
          [
            0.15037,
            0.25924,
            0.954035
          ]
        ],
        [
          [
            0.479851,
            0.21686,
            -0.850126
          ],
          [
            0.253003,
            0.893604,
            0.370757
          ],
          [
            0.840079,
            -0.392993,
            0.373931
          ]
        ],
        [
          [
            0.577373,
            -0.588255,
            0.566213
          ],
          [
            0.125561,
            0.749202,
            0.650332
          ],
          [
            -0.806768,
            -0.304389,
            0.50643
          ]
        ],
        [
          [
            0.593102,
            0.688291,
            0.417716
          ],
          [
            -0.673648,
            0.708373,
            -0.210729
          ],
          [
            -0.440941,
            -0.15641,
            0.883803
          ]
        ],
        [
          [
            0.75521,
            -0.583883,
            -0.297891
          ],
          [
            0.538171,
            0.811765,
            -0.226739
          ],
          [
            0.374206,
            0.010919,
            0.927281
          ]
        ],
        [
          [
            0.997189,
            0.03264,
            -0.067442
          ],
          [
            -0.026151,
            0.995138,
            0.094953
          ],
          [
            0.070213,
            -0.092922,
            0.993195
          ]
        ],
        [
          [
            0.994183,
            -0.053074,
            0.093724
          ],
          [
            0.026493,
            0.963932,
            0.264827
          ],
          [
            -0.104399,
            -0.260803,
            0.959731
          ]
        ],
        [
          [
            1.0,
            0.0,
            0.0
          ],
          [
            0.0,
            1.0,
            0.0
          ],
          [
            0.0,
            0.0,
            1.0
          ]
        ],
        [
          [
            1.0,
            0.0,
            0.0
          ],
          [
            0.0,
            1.0,
            0.0
          ],
          [
            0.0,
            0.0,
            1.0
          ]
        ]
      ]
    },
    {
      "time_sec": 0.253192,
      "root_offset": [
        -0.001514,
        0.005478,
        -0.003039
      ],
      "local_rotation_matrices": [
        [
          [
            0.998382,
            0.056849,
            0.001028
          ],
          [
            -0.05029,
            0.874466,
            0.482473
          ],
          [
            0.026529,
            -0.481744,
            0.87591
          ]
        ],
        [
          [
            0.98786,
            -0.155331,
            -0.002157
          ],
          [
            0.129593,
            0.831668,
            -0.539939
          ],
          [
            0.085663,
            0.533104,
            0.841702
          ]
        ],
        [
          [
            0.99763,
            -0.006217,
            0.068531
          ],
          [
            0.039779,
            0.864751,
            -0.500622
          ],
          [
            -0.05615,
            0.502162,
            0.862949
          ]
        ],
        [
          [
            0.999666,
            -0.003827,
            -0.025575
          ],
          [
            0.002287,
            0.998196,
            -0.060001
          ],
          [
            0.025759,
            0.059922,
            0.997871
          ]
        ],
        [
          [
            0.99317,
            0.105028,
            -0.050815
          ],
          [
            -0.093933,
            0.978102,
            0.185723
          ],
          [
            0.069208,
            -0.179681,
            0.981287
          ]
        ],
        [
          [
            0.994955,
            -0.097769,
            0.022477
          ],
          [
            0.093245,
            0.98393,
            0.152271
          ],
          [
            -0.037003,
            -0.149407,
            0.988083
          ]
        ],
        [
          [
            0.997246,
            -0.057162,
            0.047251
          ],
          [
            0.062894,
            0.989465,
            -0.130397
          ],
          [
            -0.0393,
            0.13301,
            0.990335
          ]
        ],
        [
          [
            0.987944,
            -0.112129,
            0.106741
          ],
          [
            0.133129,
            0.967253,
            -0.216097
          ],
          [
            -0.079014,
            0.227702,
            0.97052
          ]
        ],
        [
          [
            0.973524,
            0.111217,
            0.199703
          ],
          [
            -0.078083,
            0.982903,
            -0.166747
          ],
          [
            -0.214834,
            0.146739,
            0.965564
          ]
        ],
        [
          [
            0.99979,
            -0.019576,
            -0.006032
          ],
          [
            0.019005,
            0.996331,
            -0.083447
          ],
          [
            0.007644,
            0.083315,
            0.996494
          ]
        ],
        [
          [
            0.994246,
            0.057296,
            0.090508
          ],
          [
            -0.029974,
            0.959983,
            -0.278449
          ],
          [
            -0.10284,
            0.274134,
            0.956177
          ]
        ],
        [
          [
            0.758501,
            -0.216185,
            -0.614769
          ],
          [
            0.265486,
            0.964047,
            -0.011453
          ],
          [
            0.595142,
            -0.154526,
            0.788624
          ]
        ],
        [
          [
            0.961219,
            -0.268961,
            0.060982
          ],
          [
            0.240837,
            0.926364,
            0.289563
          ],
          [
            -0.134373,
            -0.263647,
            0.955214
          ]
        ],
        [
          [
            0.842956,
            -0.368328,
            -0.392123
          ],
          [
            0.304843,
            0.927591,
            -0.215975
          ],
          [
            0.44328,
            0.062521,
            0.8942
          ]
        ],
        [
          [
            0.776691,
            0.427633,
            0.462473
          ],
          [
            -0.420254,
            0.898723,
            -0.125232
          ],
          [
            -0.469188,
            -0.097089,
            0.877745
          ]
        ],
        [
          [
            0.985258,
            0.039941,
            -0.166346
          ],
          [
            -0.077386,
            0.971247,
            -0.225145
          ],
          [
            0.15257,
            0.234699,
            0.96002
          ]
        ],
        [
          [
            0.47485,
            0.185684,
            -0.860255
          ],
          [
            0.243916,
            0.911428,
            0.331368
          ],
          [
            0.84559,
            -0.36718,
            0.3875
          ]
        ],
        [
          [
            0.574988,
            -0.562089,
            0.594512
          ],
          [
            0.128934,
            0.779816,
            0.612587
          ],
          [
            -0.807939,
            -0.275577,
            0.520858
          ]
        ],
        [
          [
            0.591044,
            0.687497,
            0.421918
          ],
          [
            -0.680351,
            0.705878,
            -0.197127
          ],
          [
            -0.433347,
            -0.170541,
            0.884944
          ]
        ],
        [
          [
            0.767113,
            -0.567926,
            -0.298325
          ],
          [
            0.530757,
            0.823073,
            -0.202106
          ],
          [
            0.360325,
            -0.0033,
            0.932821
          ]
        ],
        [
          [
            0.997049,
            0.035099,
            -0.068267
          ],
          [
            -0.028335,
            0.994818,
            0.097639
          ],
          [
            0.071341,
            -0.095417,
            0.992878
          ]
        ],
        [
          [
            0.993386,
            -0.061682,
            0.096846
          ],
          [
            0.030856,
            0.955835,
            0.292279
          ],
          [
            -0.110598,
            -0.287358,
            0.951417
          ]
        ],
        [
          [
            1.0,
            0.0,
            0.0
          ],
          [
            0.0,
            1.0,
            0.0
          ],
          [
            0.0,
            0.0,
            1.0
          ]
        ],
        [
          [
            1.0,
            0.0,
            0.0
          ],
          [
            0.0,
            1.0,
            0.0
          ],
          [
            0.0,
            0.0,
            1.0
          ]
        ]
      ]
    },
    {
      "time_sec": 0.337589,
      "root_offset": [
        -0.002434,
        0.006228,
        -0.004206
      ],
      "local_rotation_matrices": [
        [
          [
            0.998117,
            0.061282,
            0.002698
          ],
          [
            -0.054967,
            0.873996,
            0.482814
          ],
          [
            0.02723,
            -0.482053,
            0.875719
          ]
        ],
        [
          [
            0.989267,
            -0.145979,
            -0.006352
          ],
          [
            0.119463,
            0.833082,
            -0.540096
          ],
          [
            0.084134,
            0.53354,
            0.84158
          ]
        ],
        [
          [
            0.997603,
            -0.009971,
            0.068473
          ],
          [
            0.04294,
            0.865184,
            -0.499612
          ],
          [
            -0.05426,
            0.501355,
            0.863539
          ]
        ],
        [
          [
            0.999652,
            -0.004748,
            -0.025932
          ],
          [
            0.003199,
            0.998226,
            -0.05945
          ],
          [
            0.026168,
            0.059346,
            0.997894
          ]
        ],
        [
          [
            0.993253,
            0.105614,
            -0.047897
          ],
          [
            -0.09478,
            0.977296,
            0.189497
          ],
          [
            0.066823,
            -0.183678,
            0.980712
          ]
        ],
        [
          [
            0.994795,
            -0.099443,
            0.022223
          ],
          [
            0.094896,
            0.98359,
            0.153443
          ],
          [
            -0.037117,
            -0.150535,
            0.987908
          ]
        ],
        [
          [
            0.996972,
            -0.06176,
            0.047247
          ],
          [
            0.067387,
            0.9894,
            -0.128633
          ],
          [
            -0.038802,
            0.131427,
            0.990566
          ]
        ],
        [
          [
            0.985992,
            -0.126485,
            0.10873
          ],
          [
            0.14845,
            0.962676,
            -0.226314
          ],
          [
            -0.076046,
            0.239285,
            0.967967
          ]
        ],
        [
          [
            0.973918,
            0.110539,
            0.198151
          ],
          [
            -0.076809,
            0.982361,
            -0.170492
          ],
          [
            -0.213502,
            0.150825,
            0.96523
          ]
        ],
        [
          [
            0.999705,
            -0.022602,
            -0.008852
          ],
          [
            0.021756,
            0.996042,
            -0.086181
          ],
          [
            0.010765,
            0.085963,
            0.99624
          ]
        ],
        [
          [
            0.994119,
            0.05439,
            0.093646
          ],
          [
            -0.02669,
            0.961108,
            -0.274882
          ],
          [
            -0.104955,
            0.270766,
            0.956907
          ]
        ],
        [
          [
            0.760425,
            -0.21464,
            -0.612931
          ],
          [
            0.264761,
            0.96427,
            -0.009202
          ],
          [
            0.593006,
            -0.155283,
            0.790083
          ]
        ],
        [
          [
            0.960068,
            -0.273757,
            0.057681
          ],
          [
            0.246359,
            0.924959,
            0.28941
          ],
          [
            -0.132581,
            -0.263643,
            0.955466
          ]
        ],
        [
          [
            0.841286,
            -0.367949,
            -0.396045
          ],
          [
            0.309406,
            0.928488,
            -0.205372
          ],
          [
            0.44329,
            0.050238,
            0.894969
          ]
        ],
        [
          [
            0.774273,
            0.423108,
            0.470617
          ],
          [
            -0.422212,
            0.899314,
            -0.113893
          ],
          [
            -0.471421,
            -0.110516,
            0.874956
          ]
        ],
        [
          [
            0.985283,
            0.046925,
            -0.164361
          ],
          [
            -0.082646,
            0.972491,
            -0.217787
          ],
          [
            0.14962,
            0.228166,
            0.962057
          ]
        ],
        [
          [
            0.468092,
            0.16173,
            -0.868754
          ],
          [
            0.242034,
            0.922051,
            0.302062
          ],
          [
            0.849888,
            -0.351661,
            0.39246
          ]
        ],
        [
          [
            0.573936,
            -0.545753,
            0.610534
          ],
          [
            0.130366,
            0.796937,
            0.589827
          ],
          [
            -0.808457,
            -0.25893,
            0.528538
          ]
        ],
        [
          [
            0.590799,
            0.687192,
            0.422757
          ],
          [
            -0.682401,
            0.705154,
            -0.19258
          ],
          [
            -0.430448,
            -0.174714,
            0.885545
          ]
        ],
        [
          [
            0.782503,
            -0.549731,
            -0.292376
          ],
          [
            0.516617,
            0.835332,
            -0.187956
          ],
          [
            0.347556,
            -0.00397,
            0.937651
          ]
        ],
        [
          [
            0.996923,
            0.037287,
            -0.068954
          ],
          [
            -0.029929,
            0.99404,
            0.104829
          ],
          [
            0.072452,
            -0.102443,
            0.992097
          ]
        ],
        [
          [
            0.992844,
            -0.06846,
            0.097845
          ],
          [
            0.033502,
            0.946134,
            0.322038
          ],
          [
            -0.114621,
            -0.316456,
            0.941657
          ]
        ],
        [
          [
            1.0,
            0.0,
            0.0
          ],
          [
            0.0,
            1.0,
            0.0
          ],
          [
            0.0,
            0.0,
            1.0
          ]
        ],
        [
          [
            1.0,
            0.0,
            0.0
          ],
          [
            0.0,
            1.0,
            0.0
          ],
          [
            0.0,
            0.0,
            1.0
          ]
        ]
      ]
    },
    {
      "time_sec": 0.421986,
      "root_offset": [
        -0.001284,
        0.007056,
        -0.006091
      ],
      "local_rotation_matrices": [
        [
          [
            0.997849,
            0.065529,
            0.001544
          ],
          [
            -0.058273,
            0.876084,
            0.478623
          ],
          [
            0.030011,
            -0.477684,
            0.878019
          ]
        ],
        [
          [
            0.992241,
            -0.123634,
            -0.013155
          ],
          [
            0.096796,
            0.834557,
            -0.542351
          ],
          [
            0.078032,
            0.53687,
            0.840049
          ]
        ],
        [
          [
            0.997253,
            -0.01998,
            0.071319
          ],
          [
            0.052798,
            0.86708,
            -0.495363
          ],
          [
            -0.051942,
            0.497767,
            0.865754
          ]
        ],
        [
          [
            0.999633,
            -0.005673,
            -0.026499
          ],
          [
            0.004182,
            0.998422,
            -0.056001
          ],
          [
            0.026775,
            0.05587,
            0.998079
          ]
        ],
        [
          [
            0.993536,
            0.106017,
            -0.040575
          ],
          [
            -0.09544,
            0.97366,
            0.20707
          ],
          [
            0.06146,
            -0.201859,
            0.977484
          ]
        ],
        [
          [
            0.994584,
            -0.101976,
            0.020073
          ],
          [
            0.097545,
            0.982546,
            0.158392
          ],
          [
            -0.035875,
            -0.155576,
            0.987172
          ]
        ],
        [
          [
            0.996752,
            -0.06491,
            0.04767
          ],
          [
            0.070373,
            0.989826,
            -0.123662
          ],
          [
            -0.039158,
            0.126615,
            0.991179
          ]
        ],
        [
          [
            0.982129,
            -0.151417,
            0.111786
          ],
          [
            0.174871,
            0.953751,
            -0.244498
          ],
          [
            -0.069595,
            0.259677,
            0.963185
          ]
        ],
        [
          [
            0.97416,
            0.121132,
            0.19063
          ],
          [
            -0.086637,
            0.979863,
            -0.179897
          ],
          [
            -0.208583,
            0.158733,
            0.965037
          ]
        ],
        [
          [
            0.999619,
            -0.02561,
            -0.010332
          ],
          [
            0.024613,
            0.99589,
            -0.087162
          ],
          [
            0.012522,
            0.086874,
            0.996141
          ]
        ],
        [
          [
            0.993533,
            0.054029,
            0.09986
          ],
          [
            -0.025737,
