{
  "format": "gf5_keyframed_motion",
  "version": 1,
  "name": "Stop walking",
  "profile_name": "course_body_24",
  "joint_order": [
    "pelvis",
    "left_hip",
    "right_hip",
    "spine1",
    "left_knee",
    "right_knee",
    "spine2",
    "left_ankle",
    "right_ankle",
    "spine3",
    "left_foot",
    "right_foot",
    "neck",
    "left_collar",
    "right_collar",
    "head",
    "left_shoulder",
    "right_shoulder",
    "left_elbow",
    "right_elbow",
    "left_wrist",
    "right_wrist",
    "left_hand",
    "right_hand"
  ],
  "coordinate_convention": {
    "name": "gf5_viewer_body",
    "up_axis": [
      0.0,
      0.0,
      1.0
    ],
    "forward_axis": [
      0.0,
      1.0,
      0.0
    ],
    "anatomical_right_axis": [
      1.0,
      0.0,
      0.0
    ],
    "native_smpl_to_viewer": "viewer=(-native_x, native_z, native_y)"
  },
  "duration_sec": 1.416667,
  "exported_at": "2026-05-13T23:48:15",
  "source_asset_name": null,
  "source_motion": {
    "format": "amass_npz",
    "path": "staff_tools/motion_fallback/packs/hy_motion_palette/clips/walk_forward_stop_01.npz",
    "frame_rate": 30.0,
    "frame_count": 120,
    "pose_source": "poses",
    "translation_source": "trans",
    "start_sec": 2.55,
    "end_sec": 3.966667,
    "sample_fps": 12.0,
    "manifest": "staff_tools/motion_fallback/packs/hy_motion_palette/manifest.json"
  },
  "keyframes": [
    {
      "time_sec": 0.0,
      "root_offset": [
        0.0,
        0.0,
        0.0
      ],
      "local_rotation_matrices": [
        [
          [
            0.999696,
            0.017623,
            0.017249
          ],
          [
            -0.01731,
            0.999686,
            -0.018145
          ],
          [
            -0.017563,
            0.017841,
            0.999687
          ]
        ],
        [
          [
            0.999649,
            -0.023869,
            0.011468
          ],
          [
            0.023648,
            0.999538,
            0.01907
          ],
          [
            -0.011918,
            -0.018792,
            0.999752
          ]
        ],
        [
          [
            0.991799,
            0.100545,
            -0.078897
          ],
          [
            -0.099569,
            0.994898,
            0.016222
          ],
          [
            0.080125,
            -0.008233,
            0.996751
          ]
        ],
        [
          [
            0.999508,
            -0.005887,
            0.030809
          ],
          [
            0.003631,
            0.997342,
            0.072768
          ],
          [
            -0.031155,
            -0.072621,
            0.996873
          ]
        ],
        [
          [
            0.999017,
            0.040857,
            -0.017185
          ],
          [
            -0.040642,
            0.999093,
            0.012697
          ],
          [
            0.017688,
            -0.011986,
            0.999772
          ]
        ],
        [
          [
            0.996918,
            -0.077216,
            0.013861
          ],
          [
            0.076318,
            0.995478,
            0.056565
          ],
          [
            -0.018166,
            -0.055333,
            0.998303
          ]
        ],
        [
          [
            0.998761,
            0.040279,
            -0.02923
          ],
          [
            -0.043558,
            0.991578,
            -0.121963
          ],
          [
            0.024072,
            0.123085,
            0.992104
          ]
        ],
        [
          [
            0.993916,
            -0.101673,
            -0.04235
          ],
          [
            0.100033,
            0.994212,
            -0.0392
          ],
          [
            0.04609,
            0.034725,
            0.998334
          ]
        ],
        [
          [
            0.994386,
            -0.070527,
            0.078884
          ],
          [
            0.07504,
            0.995618,
            -0.055799
          ],
          [
            -0.074603,
            0.061406,
            0.995321
          ]
        ],
        [
          [
            0.999846,
            -0.004112,
            0.017034
          ],
          [
            0.00329,
            0.998844,
            0.04796
          ],
          [
            -0.017212,
            -0.047896,
            0.998704
          ]
        ],
        [
          [
            0.997142,
            0.059736,
            0.046264
          ],
          [
            -0.058818,
            0.998049,
            -0.020949
          ],
          [
            -0.047425,
            0.018168,
            0.99871
          ]
        ],
        [
          [
            0.995674,
            -0.032996,
            -0.086864
          ],
          [
            0.028286,
            0.998091,
            -0.054903
          ],
          [
            0.08851,
            0.052209,
            0.994706
          ]
        ],
        [
          [
            0.997425,
            0.052895,
            0.04842
          ],
          [
            -0.055339,
            0.997184,
            0.050605
          ],
          [
            -0.045607,
            -0.053155,
            0.997544
          ]
        ],
        [
          [
            0.976722,
            -0.03136,
            -0.212206
          ],
          [
            0.058123,
            0.99094,
            0.121081
          ],
          [
            0.206487,
            -0.130596,
            0.969695
          ]
        ],
        [
          [
            0.972855,
            -0.02759,
            0.229767
          ],
          [
            0.009227,
            0.996703,
            0.080611
          ],
          [
            -0.231233,
            -0.076303,
            0.969902
          ]
        ],
        [
          [
            0.996344,
            -0.075418,
            -0.04014
          ],
          [
            0.070334,
            0.990785,
            -0.115749
          ],
          [
            0.0485,
            0.112502,
            0.992467
          ]
        ],
        [
          [
            0.326305,
            0.929882,
            -0.169838
          ],
          [
            -0.168422,
            0.233991,
            0.95754
          ],
          [
            0.930139,
            -0.283846,
            0.232965
          ]
        ],
        [
          [
            0.284739,
            -0.931444,
            0.226573
          ],
          [
            0.120685,
            0.269308,
            0.955462
          ],
          [
            -0.950978,
            -0.244713,
            0.189093
          ]
        ],
        [
          [
            0.954448,
            0.102502,
            0.280217
          ],
          [
            -0.136547,
            0.985079,
            0.104755
          ],
          [
            -0.265299,
            -0.138246,
            0.954204
          ]
        ],
        [
          [
            0.960486,
            -0.036605,
            -0.275909
          ],
          [
            0.077312,
            0.987391,
            0.138139
          ],
          [
            0.267374,
            -0.154012,
            0.951205
          ]
        ],
        [
          [
            0.992571,
            -0.095402,
            -0.075506
          ],
          [
            0.010317,
            0.684362,
            -0.729069
          ],
          [
            0.121228,
            0.722874,
            0.680263
          ]
        ],
        [
          [
            0.997179,
            0.05078,
            0.055271
          ],
          [
            0.00185,
            0.719536,
            -0.694452
          ],
          [
            -0.075034,
            0.692596,
            0.717413
          ]
        ],
        [
          [
            1.0,
            0.0,
            0.0
          ],
          [
            0.0,
            1.0,
            0.0
          ],
          [
            0.0,
            0.0,
            1.0
          ]
        ],
        [
          [
            1.0,
            0.0,
            0.0
          ],
          [
            0.0,
            1.0,
            0.0
          ],
          [
            0.0,
            0.0,
            1.0
          ]
        ]
      ]
    },
    {
      "time_sec": 0.083333,
      "root_offset": [
        -0.001037,
        0.001135,
        0.000227
      ],
      "local_rotation_matrices": [
        [
          [
            0.999511,
            0.025136,
            0.018605
          ],
          [
            -0.024745,
            0.999474,
            -0.020972
          ],
          [
            -0.019122,
            0.020501,
            0.999607
          ]
        ],
        [
          [
            0.999496,
            -0.031189,
            0.005845
          ],
          [
            0.031024,
            0.999167,
            0.026494
          ],
          [
            -0.006666,
            -0.0263,
            0.999632
          ]
        ],
        [
          [
            0.993762,
            0.072947,
            -0.084353
          ],
          [
            -0.072551,
            0.997335,
            0.007757
          ],
          [
            0.084694,
            -0.001588,
            0.996406
          ]
        ],
        [
          [
            0.999716,
            -0.00345,
            0.023568
          ],
          [
            0.001799,
            0.997567,
            0.069694
          ],
          [
            -0.023751,
            -0.069632,
            0.99729
          ]
        ],
        [
          [
            0.999021,
            0.040807,
            -0.017108
          ],
          [
            -0.040646,
            0.999127,
            0.00966
          ],
          [
            0.017487,
            -0.008956,
            0.999807
          ]
        ],
        [
          [
            0.997056,
            -0.075462,
            0.013614
          ],
          [
            0.074126,
            0.993973,
            0.080769
          ],
          [
            -0.019627,
            -0.079522,
            0.99664
          ]
        ],
        [
          [
            0.99857,
            0.043207,
            -0.031473
          ],
          [
            -0.046646,
            0.991886,
            -0.118263
          ],
          [
            0.026108,
            0.119562,
            0.992483
          ]
        ],
        [
          [
            0.994132,
            -0.100548,
            -0.039903
          ],
          [
            0.098933,
            0.994267,
            -0.040559
          ],
          [
            0.043752,
            0.036374,
            0.99838
          ]
        ],
        [
          [
            0.995496,
            -0.050736,
            0.080089
          ],
          [
            0.055929,
            0.996382,
            -0.06399
          ],
          [
            -0.076552,
            0.068181,
            0.994732
          ]
        ],
        [
          [
            0.999914,
            -0.001685,
            0.013044
          ],
          [
            0.001054,
            0.998837,
            0.048198
          ],
          [
            -0.01311,
            -0.04818,
            0.998753
          ]
        ],
        [
          [
            0.997088,
            0.059723,
            0.047422
          ],
          [
            -0.058907,
            0.998094,
            -0.018414
          ],
          [
            -0.048431,
            0.015567,
            0.998705
          ]
        ],
        [
          [
            0.995646,
            -0.033402,
            -0.087027
          ],
          [
            0.028232,
            0.997801,
            -0.059971
          ],
          [
            0.088839,
            0.057253,
            0.994399
          ]
        ],
        [
          [
            0.9985,
            0.044738,
            0.03156
          ],
          [
            -0.046411,
            0.997439,
            0.054425
          ],
          [
            -0.029044,
            -0.055808,
            0.998019
          ]
        ],
        [
          [
            0.977069,
            -0.031166,
            -0.210628
          ],
          [
            0.057204,
            0.991283,
            0.118686
          ],
          [
            0.205093,
            -0.128013,
            0.970335
          ]
        ],
        [
          [
            0.973508,
            -0.022026,
            0.227588
          ],
          [
            0.002852,
            0.996442,
            0.084237
          ],
          [
            -0.228633,
            -0.081356,
            0.970107
          ]
        ],
        [
          [
            0.996812,
            -0.076079,
            -0.02402
          ],
          [
            0.072854,
            0.99074,
            -0.11457
          ],
          [
            0.032514,
            0.112455,
            0.993125
          ]
        ],
        [
          [
            0.326605,
            0.930402,
            -0.166379
          ],
          [
            -0.157484,
            0.227142,
            0.961044
          ],
          [
            0.931949,
            -0.287679,
            0.220709
          ]
        ],
        [
          [
            0.283316,
            -0.928148,
            0.241399
          ],
          [
            0.098092,
            0.278438,
            0.955432
          ],
          [
            -0.953997,
            -0.24701,
            0.16993
          ]
        ],
        [
          [
            0.951903,
            0.110253,
            0.285877
          ],
          [
            -0.14425,
            0.984408,
            0.100664
          ],
          [
            -0.270321,
            -0.13706,
            0.952964
          ]
        ],
        [
          [
            0.961684,
            -0.03152,
            -0.272341
          ],
          [
            0.071449,
            0.987856,
            0.137967
          ],
          [
            0.264685,
            -0.152139,
            0.952258
          ]
        ],
        [
          [
            0.992509,
            -0.097761,
            -0.073267
          ],
          [
            0.0132,
            0.682019,
            -0.731215
          ],
          [
            0.121454,
            0.72477,
            0.678201
          ]
        ],
        [
          [
            0.996983,
            0.053594,
            0.056153
          ],
          [
            -0.000559,
            0.728343,
            -0.685213
          ],
          [
            -0.077622,
            0.683114,
            0.726175
          ]
        ],
        [
          [
            1.0,
            0.0,
            0.0
          ],
          [
            0.0,
            1.0,
            0.0
          ],
          [
            0.0,
            0.0,
            1.0
          ]
        ],
        [
          [
            1.0,
            0.0,
            0.0
          ],
          [
            0.0,
            1.0,
            0.0
          ],
          [
            0.0,
            0.0,
            1.0
          ]
        ]
      ]
    },
    {
      "time_sec": 0.166667,
      "root_offset": [
        -0.000133,
        -3.9e-05,
        0.000436
      ],
      "local_rotation_matrices": [
        [
          [
            0.999585,
            0.023424,
            0.016742
          ],
          [
            -0.023048,
            0.999486,
            -0.022294
          ],
          [
            -0.017256,
            0.021898,
            0.999611
          ]
        ],
        [
          [
            0.999446,
            -0.032418,
            0.007477
          ],
          [
            0.032199,
            0.999098,
            0.027667
          ],
          [
            -0.008367,
            -0.027411,
            0.999589
          ]
        ],
        [
          [
            0.994559,
            0.063016,
            -0.082951
          ],
          [
            -0.06241,
            0.998002,
            0.009882
          ],
          [
            0.083408,
            -0.004651,
            0.996505
          ]
        ],
        [
          [
            0.999781,
            -0.002829,
            0.020744
          ],
          [
            0.00147,
            0.99787,
            0.065212
          ],
          [
            -0.020884,
            -0.065167,
            0.997656
          ]
        ],
        [
          [
            0.998998,
            0.041282,
            -0.017304
          ],
          [
            -0.041071,
            0.999079,
            0.012394
          ],
          [
            0.0178,
            -0.011671,
            0.999773
          ]
        ],
        [
          [
            0.997079,
            -0.075189,
            0.013437
          ],
          [
            0.073841,
            0.99388,
            0.082162
          ],
          [
            -0.019532,
            -0.08093,
            0.996528
          ]
        ],
        [
          [
            0.998385,
            0.044679,
            -0.035102
          ],
          [
            -0.048495,
            0.991986,
            -0.116672
          ],
          [
            0.029608,
            0.118186,
            0.99255
          ]
        ],
        [
          [
            0.994444,
            -0.096994,
            -0.040897
          ],
          [
            0.09525,
            0.99454,
            -0.042634
          ],
          [
            0.044809,
            0.038501,
            0.998253
          ]
        ],
        [
          [
            0.996172,
            -0.039181,
            0.07814
          ],
          [
            0.044314,
            0.996896,
            -0.06508
          ],
          [
            -0.075347,
            0.068293,
            0.994816
          ]
        ],
        [
          [
            0.999961,
            -0.000803,
            0.008777
          ],
          [
            0.000368,
            0.99878,
            0.049373
          ],
          [
            -0.008806,
            -0.049368,
            0.998742
          ]
        ],
        [
          [
            0.996954,
            0.059864,
            0.049992
          ],
          [
            -0.059073,
            0.998106,
            -0.017149
          ],
          [
            -0.050924,
            0.014144,
            0.998602
          ]
        ],
        [
          [
            0.995938,
            -0.032649,
            -0.083914
          ],
          [
            0.027522,
            0.997725,
            -0.061541
          ],
          [
            0.085733,
            0.058981,
            0.994571
          ]
        ],
        [
          [
            0.999127,
            0.038418,
            0.016412
          ],
          [
            -0.039312,
            0.997532,
            0.058179
          ],
          [
            -0.014137,
            -0.058774,
            0.998171
          ]
        ],
        [
          [
            0.976051,
            -0.03458,
            -0.214775
          ],
          [
            0.060649,
            0.991396,
            0.116002
          ],
          [
            0.208916,
            -0.12625,
            0.96975
          ]
        ],
        [
          [
            0.972718,
            -0.01595,
            0.231443
          ],
          [
            -0.003624,
            0.996467,
            0.083902
          ],
          [
            -0.231964,
            -0.082451,
            0.969224
          ]
        ],
        [
          [
            0.997183,
            -0.074278,
            -0.010464
          ],
          [
            0.072563,
            0.990547,
            -0.116409
          ],
          [
            0.019012,
            0.115321,
            0.993146
          ]
        ],
        [
          [
            0.329505,
            0.928769,
            -0.169749
          ],
          [
            -0.153784,
            0.230184,
            0.960919
          ],
          [
            0.931545,
            -0.290523,
            0.218677
          ]
        ],
        [
          [
            0.291087,
            -0.920907,
            0.259227
          ],
          [
            0.084922,
            0.294763,
            0.951789
          ],
          [
            -0.95292,
            -0.25504,
            0.164006
          ]
        ],
        [
          [
            0.94704,
            0.121595,
            0.297203
          ],
          [
            -0.156159,
            0.983116,
            0.09538
          ],
          [
            -0.280588,
            -0.13674,
            0.950038
          ]
        ],
        [
          [
            0.963723,
            -0.023892,
            -0.265832
          ],
          [
            0.062848,
            0.988294,
            0.139017
          ],
          [
            0.259398,
            -0.150681,
            0.953943
          ]
        ],
        [
          [
            0.994458,
            -0.087422,
            -0.058397
          ],
          [
            0.016728,
            0.679961,
            -0.733057
          ],
          [
            0.103793,
            0.728018,
            0.677656
          ]
        ],
        [
          [
            0.997022,
            0.055862,
            0.053157
          ],
          [
            -0.004305,
            0.728603,
            -0.684923
          ],
          [
            -0.076992,
            0.682655,
            0.726674
          ]
        ],
        [
          [
            1.0,
            0.0,
            0.0
          ],
          [
            0.0,
            1.0,
            0.0
          ],
          [
            0.0,
            0.0,
            1.0
          ]
        ],
        [
          [
            1.0,
            0.0,
            0.0
          ],
          [
            0.0,
            1.0,
            0.0
          ],
          [
            0.0,
            0.0,
            1.0
          ]
        ]
      ]
    },
    {
      "time_sec": 0.25,
      "root_offset": [
        0.001124,
        -0.000589,
        0.000736
      ],
      "local_rotation_matrices": [
        [
          [
            0.999714,
            0.01873,
            0.01488
          ],
          [
            -0.018398,
            0.999584,
            -0.022191
          ],
          [
            -0.01529,
            0.02191,
            0.999643
          ]
        ],
        [
          [
            0.999469,
            -0.030842,
            0.010524
          ],
          [
            0.030564,
            0.999203,
            0.025685
          ],
          [
            -0.011308,
            -0.02535,
            0.999615
          ]
        ],
        [
          [
            0.995018,
            0.059914,
            -0.079689
          ],
          [
            -0.059046,
            0.998168,
            0.013203
          ],
          [
            0.080334,
            -0.008432,
            0.996732
          ]
        ],
        [
          [
            0.99978,
            -0.003444,
            0.020713
          ],
          [
            0.00215,
            0.998061,
            0.062199
          ],
          [
            -0.020887,
            -0.062141,
            0.997849
          ]
        ],
        [
          [
            0.999003,
            0.041032,
            -0.017584
          ],
          [
            -0.040767,
            0.999053,
            0.015186
          ],
          [
            0.01819,
            -0.014454,
            0.99973
          ]
        ],
        [
          [
            0.997076,
            -0.075232,
            0.013403
          ],
          [
            0.073982,
            0.994264,
            0.077232
          ],
          [
            -0.019137,
            -0.076014,
            0.996923
          ]
        ],
        [
          [
            0.998298,
            0.04486,
            -0.037259
          ],
          [
            -0.048926,
            0.991977,
            -0.116566
          ],
          [
            0.031731,
            0.11819,
            0.992484
          ]
        ],
        [
          [
            0.994686,
            -0.09365,
            -0.042779
          ],
          [
            0.091808,
            0.994841,
            -0.043167
          ],
          [
            0.046601,
            0.03901,
            0.998152
          ]
        ],
        [
          [
            0.99659,
            -0.031737,
            0.07617
          ],
          [
            0.036632,
            0.997293,
            -0.063751
          ],
          [
            -0.07394,
            0.066324,
            0.995055
          ]
        ],
        [
          [
            0.999978,
            -0.000827,
            0.006596
          ],
          [
            0.000493,
            0.998726,
            0.050465
          ],
          [
            -0.006629,
            -0.05046,
            0.998704
          ]
        ],
        [
          [
            0.99686,
            0.059782,
            0.051922
          ],
          [
            -0.058973,
            0.998115,
            -0.016973
          ],
          [
            -0.052839,
            0.013857,
            0.998507
          ]
        ],
        [
          [
            0.996124,
            -0.032052,
            -0.081909
          ],
          [
            0.027024,
            0.997724,
            -0.061775
          ],
          [
            0.083702,
            0.059322,
            0.994723
          ]
        ],
        [
          [
            0.99933,
            0.035553,
            0.008741
          ],
          [
            -0.036016,
            0.997527,
            0.060356
          ],
          [
            -0.006574,
            -0.06063,
            0.998139
          ]
        ],
        [
          [
            0.974947,
            -0.037884,
            -0.219188
          ],
          [
            0.06416,
            0.991403,
            0.114034
          ],
          [
            0.212984,
            -0.12524,
            0.968996
          ]
        ],
        [
          [
            0.971789,
            -0.01398,
            0.235436
          ],
          [
            -0.005675,
            0.996567,
            0.082601
          ],
          [
            -0.235782,
            -0.081606,
            0.968373
          ]
        ],
        [
          [
            0.99736,
            -0.072443,
            -0.0049
          ],
          [
            0.07136,
            0.990433,
            -0.118115
          ],
          [
            0.01341,
            0.117454,
            0.992988
          ]
        ],
        [
          [
            0.332604,
            0.926891,
            -0.173919
          ],
          [
            -0.15264,
            0.234897,
            0.959961
          ],
          [
            0.930632,
            -0.292739,
            0.219608
          ]
        ],
        [
          [
            0.297554,
            -0.91508,
            0.272193
          ],
          [
            0.083822,
            0.309047,
            0.947346
          ],
          [
            -0.951018,
            -0.259071,
            0.168662
          ]
        ],
        [
          [
            0.944446,
            0.127197,
            0.303056
          ],
          [
            -0.162288,
            0.982307,
            0.093464
          ],
          [
            -0.285806,
            -0.137454,
            0.948378
          ]
        ],
        [
          [
            0.965101,
            -0.018831,
            -0.261202
          ],
          [
            0.057225,
            0.988471,
            0.140177
          ],
          [
            0.255551,
            -0.150232,
            0.955052
          ]
        ],
        [
          [
            0.995348,
            -0.079639,
            -0.054218
          ],
          [
            0.014696,
            0.681676,
            -0.731506
          ],
          [
            0.095216,
            0.727307,
            0.679676
          ]
        ],
        [
          [
            0.996956,
            0.058773,
            0.051221
          ],
          [
            -0.007653,
            0.727616,
            -0.685942
          ],
          [
            -0.077584,
            0.683463,
            0.725851
          ]
        ],
        [
          [
            1.0,
            0.0,
            0.0
          ],
          [
            0.0,
            1.0,
            0.0
          ],
          [
            0.0,
            0.0,
            1.0
          ]
        ],
        [
          [
            1.0,
            0.0,
            0.0
          ],
          [
            0.0,
            1.0,
            0.0
          ],
          [
            0.0,
            0.0,
            1.0
          ]
        ]
      ]
    },
    {
      "time_sec": 0.333333,
      "root_offset": [
        0.002264,
        -0.003141,
        0.000983
      ],
      "local_rotation_matrices": [
        [
          [
            0.999901,
            0.007283,
            0.012081
          ],
          [
            -0.007057,
            0.999801,
            -0.018639
          ],
          [
            -0.012214,
            0.018552,
            0.999753
          ]
        ],
        [
          [
            0.999498,
            -0.026684,
            0.017089
          ],
          [
            0.026391,
            0.999505,
            0.017125
          ],
          [
            -0.017537,
            -0.016666,
            0.999707
          ]
        ],
        [
          [
            0.996053,
            0.052044,
            -0.071907
          ],
          [
            -0.051003,
            0.998567,
            0.016232
          ],
          [
            0.072649,
            -0.0125,
            0.997279
          ]
        ],
        [
          [
            0.999748,
            -0.004886,
            0.021897
          ],
          [
            0.003643,
            0.998398,
            0.056456
          ],
          [
            -0.022137,
            -0.056362,
            0.998165
          ]
        ],
        [
          [
            0.999058,
            0.039307,
            -0.018369
          ],
          [
            -0.038956,
            0.999058,
            0.019125
          ],
          [
            0.019104,
            -0.018391,
            0.999648
          ]
        ],
        [
          [
            0.997158,
            -0.074113,
            0.013519
          ],
          [
            0.073085,
            0.995198,
            0.06511
          ],
          [
            -0.01828,
            -0.063937,
            0.997786
          ]
        ],
        [
          [
            0.99818,
            0.044677,
            -0.040507
          ],
          [
            -0.04909,
            0.992097,
            -0.11547
          ],
          [
            0.035028,
            0.117248,
            0.992485
          ]
        ],
        [
          [
            0.995167,
            -0.086548,
            -0.046396
          ],
          [
            0.084592,
            0.995505,
            -0.042597
          ],
          [
            0.049874,
            0.038467,
            0.998014
          ]
        ],
        [
          [
            0.99741,
            -0.01355,
            0.070637
          ],
          [
            0.017924,
            0.997937,
            -0.061652
          ],
          [
            -0.069656,
            0.062758,
            0.995595
          ]
        ],
        [
          [
            0.999986,
            -0.000177,
            0.0053
          ],
          [
            -8.8e-05,
            0.998751,
            0.049965
          ],
          [
            -0.005302,
            -0.049965,
            0.998737
          ]
        ],
        [
          [
            0.996762,
            0.059496,
            0.054086
          ],
          [
            -0.058677,
            0.998139,
            -0.016615
          ],
          [
            -0.054974,
            0.013388,
            0.998398
          ]
        ],
        [
          [
            0.996394,
            -0.030806,
            -0.079054
          ],
          [
            0.026098,
            0.997863,
            -0.059909
          ],
          [
            0.08073,
            0.05763,
            0.995069
          ]
        ],
        [
          [
            0.999398,
            0.03436,
            0.004739
          ],
          [
            -0.034596,
            0.997288,
            0.064958
          ],
          [
            -0.002494,
            -0.065083,
            0.997877
          ]
        ],
        [
          [
            0.972974,
            -0.042413,
            -0.226987
          ],
          [
            0.069683,
            0.991091,
            0.113507
          ],
          [
            0.22015,
            -0.126256,
            0.967261
          ]
        ],
        [
          [
            0.970241,
            -0.015247,
            0.241661
          ],
          [
            -0.004601,
            0.996675,
            0.081354
          ],
          [
            -0.242098,
            -0.080045,
            0.966944
          ]
        ],
        [
          [
            0.997487,
            -0.070718,
            -0.004307
          ],
          [
            0.069686,
            0.990269,
            -0.120464
          ],
          [
            0.012784,
            0.119862,
            0.992708
          ]
        ],
        [
          [
            0.341419,
            0.923288,
            -0.175991
          ],
          [
            -0.150894,
            0.238656,
            0.959309
          ],
          [
            0.92772,
            -0.300971,
            0.220801
          ]
        ],
        [
          [
            0.305614,
            -0.907704,
            0.287529
          ],
          [
            0.092403,
            0.328825,
            0.939859
          ],
          [
            -0.947661,
            -0.260666,
            0.184368
          ]
        ],
        [
          [
            0.943697,
            0.130277,
            0.304079
          ],
          [
            -0.165382,
            0.981873,
            0.092592
          ],
          [
            -0.286504,
            -0.137668,
            0.948137
          ]
        ],
        [
          [
            0.966442,
            -0.012841,
            -0.256564
          ],
          [
            0.051011,
            0.988454,
            0.142679
          ],
          [
            0.251769,
            -0.150978,
            0.955938
          ]
        ],
        [
          [
            0.995444,
            -0.070569,
            -0.064112
          ],
          [
            0.002252,
            0.689646,
            -0.724143
          ],
          [
            0.095316,
            0.7207,
            0.686663
          ]
        ],
        [
          [
            0.996759,
            0.063664,
            0.049173
          ],
          [
            -0.012296,
            0.724675,
            -0.688981
          ],
          [
            -0.079498,
            0.686144,
            0.723109
          ]
        ],
        [
          [
            1.0,
            0.0,
            0.0
          ],
          [
            0.0,
            1.0,
            0.0
          ],
          [
            0.0,
            0.0,
            1.0
          ]
        ],
        [
          [
            1.0,
            0.0,
            0.0
          ],
          [
            0.0,
            1.0,
            0.0
          ],
          [
            0.0,
            0.0,
            1.0
          ]
        ]
      ]
    },
    {
      "time_sec": 0.416667,
      "root_offset": [
        0.003992,
        -0.005976,
        0.001112
      ],
      "local_rotation_matrices": [
        [
          [
            0.999948,
            -0.000334,
            0.010199
          ],
          [
            0.000484,
            0.999891,
            -0.014727
          ],
          [
            -0.010192,
            0.014731,
            0.99984
          ]
        ],
        [
          [
            0.999488,
            -0.02343,
            0.021796
          ],
          [
            0.023222,
            0.999683,
            0.00975
          ],
          [
            -0.022017,
            -0.009239,
            0.999715
          ]
        ],
        [
          [
            0.996634,
            0.048166,
            -0.066337
          ],
          [
            -0.047135,
            0.998743,
            0.017022
          ],
          [
            0.067073,
            -0.013838,
            0.997652
          ]
        ],
        [
          [
            0.999714,
            -0.005958,
            0.023153
          ],
          [
            0.004717,
            0.998568,
            0.053294
          ],
          [
            -0.023437,
            -0.053169,
            0.99831
          ]
        ],
        [
          [
            0.999088,
            0.038342,
            -0.018812
          ],
          [
            -0.037939,
            0.999052,
            0.021334
          ],
          [
            0.019613,
            -0.0206,
            0.999595
          ]
        ],
        [
          [
            0.997188,
            -0.073643,
            0.013896
          ],
          [
            0.072755,
            0.995765,
            0.056195
          ],
          [
            -0.017975,
            -0.055026,
            0.998323
          ]
        ],
        [
          [
            0.998126,
            0.044151,
            -0.042367
          ],
          [
            -0.048764,
            0.992182,
            -0.114878
          ],
          [
            0.036963,
            0.116729,
            0.992476
          ]
        ],
        [
          [
            0.995443,
            -0.081787,
            -0.049038
          ],
          [
            0.079748,
            0.995921,
            -0.0422
          ],
          [
            0.052289,
            0.038097,
            0.997905
          ]
        ],
        [
          [
            0.997761,
            -0.00252,
            0.066829
          ],
          [
            0.006527,
            0.998188,
            -0.059819
          ],
          [
            -0.066557,
            0.060122,
            0.99597
          ]
        ],
        [
          [
            0.999987,
            0.000315,
            0.005103
          ],
          [
            -0.000567,
            0.998776,
            0.049464
          ],
          [
            -0.005082,
            -0.049467,
            0.998763
          ]
        ],
        [
          [
            0.996686,
            0.059484,
            0.055495
          ],
          [
            -0.058648,
