{
  "format": "gf5_keyframed_motion",
  "version": 1,
  "name": "Start walking",
  "profile_name": "course_body_24",
  "joint_order": [
    "pelvis",
    "left_hip",
    "right_hip",
    "spine1",
    "left_knee",
    "right_knee",
    "spine2",
    "left_ankle",
    "right_ankle",
    "spine3",
    "left_foot",
    "right_foot",
    "neck",
    "left_collar",
    "right_collar",
    "head",
    "left_shoulder",
    "right_shoulder",
    "left_elbow",
    "right_elbow",
    "left_wrist",
    "right_wrist",
    "left_hand",
    "right_hand"
  ],
  "coordinate_convention": {
    "name": "gf5_viewer_body",
    "up_axis": [
      0.0,
      0.0,
      1.0
    ],
    "forward_axis": [
      0.0,
      1.0,
      0.0
    ],
    "anatomical_right_axis": [
      1.0,
      0.0,
      0.0
    ],
    "native_smpl_to_viewer": "viewer=(-native_x, native_z, native_y)"
  },
  "duration_sec": 1.1,
  "exported_at": "2026-05-13T23:48:15",
  "source_asset_name": null,
  "source_motion": {
    "format": "amass_npz",
    "path": "staff_tools/motion_fallback/packs/hy_motion_palette/clips/walk_forward_stop_01.npz",
    "frame_rate": 30.0,
    "frame_count": 120,
    "pose_source": "poses",
    "translation_source": "trans",
    "start_sec": 0.0,
    "end_sec": 1.1,
    "sample_fps": 12.0,
    "manifest": "staff_tools/motion_fallback/packs/hy_motion_palette/manifest.json"
  },
  "keyframes": [
    {
      "time_sec": 0.0,
      "root_offset": [
        0.0,
        0.0,
        0.0
      ],
      "local_rotation_matrices": [
        [
          [
            0.991518,
            -0.061754,
            0.11436
          ],
          [
            0.068353,
            0.99616,
            -0.054702
          ],
          [
            -0.110543,
            0.062054,
            0.991932
          ]
        ],
        [
          [
            0.979829,
            -0.123461,
            -0.157138
          ],
          [
            0.127526,
            0.991706,
            0.016013
          ],
          [
            0.153858,
            -0.03573,
            0.987447
          ]
        ],
        [
          [
            0.993422,
            -0.004901,
            -0.114402
          ],
          [
            -0.032476,
            0.946001,
            -0.322533
          ],
          [
            0.109805,
            0.324127,
            0.939619
          ]
        ],
        [
          [
            0.999584,
            0.027125,
            -0.009823
          ],
          [
            -0.024133,
            0.972777,
            0.230483
          ],
          [
            0.015808,
            -0.23015,
            0.973027
          ]
        ],
        [
          [
            0.997112,
            0.067936,
            -0.033943
          ],
          [
            -0.062624,
            0.988373,
            0.138551
          ],
          [
            0.042961,
            -0.136025,
            0.989773
          ]
        ],
        [
          [
            0.997426,
            -0.066456,
            0.026909
          ],
          [
            -0.004514,
            0.316364,
            0.948627
          ],
          [
            -0.071555,
            -0.946307,
            0.31525
          ]
        ],
        [
          [
            0.987004,
            0.078371,
            -0.140286
          ],
          [
            -0.092736,
            0.990759,
            -0.098973
          ],
          [
            0.131233,
            0.110697,
            0.985152
          ]
        ],
        [
          [
            0.997995,
            -0.00291,
            0.063228
          ],
          [
            0.009257,
            0.994913,
            -0.100316
          ],
          [
            -0.062614,
            0.1007,
            0.992945
          ]
        ],
        [
          [
            0.987132,
            -0.029655,
            0.157133
          ],
          [
            0.043352,
            0.995482,
            -0.084472
          ],
          [
            -0.153918,
            0.090197,
            0.983958
          ]
        ],
        [
          [
            0.999879,
            0.013226,
            0.008239
          ],
          [
            -0.012644,
            0.997673,
            -0.067004
          ],
          [
            -0.009106,
            0.066892,
            0.997719
          ]
        ],
        [
          [
            0.995334,
            0.090412,
            -0.033701
          ],
          [
            -0.092834,
            0.99254,
            -0.079038
          ],
          [
            0.026303,
            0.081798,
            0.996302
          ]
        ],
        [
          [
            0.985542,
            -0.074947,
            -0.151953
          ],
          [
            0.065852,
            0.995773,
            -0.064035
          ],
          [
            0.15611,
            0.053103,
            0.986311
          ]
        ],
        [
          [
            0.994705,
            0.037302,
            -0.095763
          ],
          [
            -0.038761,
            0.999158,
            -0.013422
          ],
          [
            0.095181,
            0.017063,
            0.995314
          ]
        ],
        [
          [
            0.992203,
            0.043672,
            -0.116734
          ],
          [
            -0.013725,
            0.969192,
            0.245924
          ],
          [
            0.123878,
            -0.242404,
            0.962234
          ]
        ],
        [
          [
            0.995382,
            -0.029212,
            0.09144
          ],
          [
            0.015651,
            0.989213,
            0.145648
          ],
          [
            -0.094708,
            -0.143544,
            0.985102
          ]
        ],
        [
          [
            0.989655,
            -0.089679,
            0.11198
          ],
          [
            0.085216,
            0.995389,
            0.044037
          ],
          [
            -0.115413,
            -0.034039,
            0.992734
          ]
        ],
        [
          [
            0.400906,
            0.833595,
            -0.379992
          ],
          [
            -0.328339,
            0.517972,
            0.789873
          ],
          [
            0.855259,
            -0.191898,
            0.48136
          ]
        ],
        [
          [
            0.207637,
            -0.975974,
            0.066046
          ],
          [
            0.142773,
            0.097031,
            0.984988
          ],
          [
            -0.967731,
            -0.195091,
            0.15949
          ]
        ],
        [
          [
            0.928291,
            0.150649,
            0.339972
          ],
          [
            -0.203216,
            0.971183,
            0.124527
          ],
          [
            -0.311415,
            -0.184685,
            0.932155
          ]
        ],
        [
          [
            0.934876,
            -0.084574,
            -0.344752
          ],
          [
            0.134667,
            0.9831,
            0.12401
          ],
          [
            0.328438,
            -0.162361,
            0.930466
          ]
        ],
        [
          [
            0.997413,
            0.059557,
            -0.040246
          ],
          [
            -0.066743,
            0.559501,
            -0.826138
          ],
          [
            -0.026684,
            0.826687,
            0.562029
          ]
        ],
        [
          [
            0.989458,
            -0.144282,
            -0.012475
          ],
          [
            0.060171,
            0.487935,
            -0.870804
          ],
          [
            0.131728,
            0.860873,
            0.491473
          ]
        ],
        [
          [
            1.0,
            0.0,
            0.0
          ],
          [
            0.0,
            1.0,
            0.0
          ],
          [
            0.0,
            0.0,
            1.0
          ]
        ],
        [
          [
            1.0,
            0.0,
            0.0
          ],
          [
            0.0,
            1.0,
            0.0
          ],
          [
            0.0,
            0.0,
            1.0
          ]
        ]
      ]
    },
    {
      "time_sec": 0.084615,
      "root_offset": [
        -0.003992,
        0.024444,
        -0.002806
      ],
      "local_rotation_matrices": [
        [
          [
            0.987773,
            -0.101041,
            0.118722
          ],
          [
            0.104085,
            0.994373,
            -0.019709
          ],
          [
            -0.116062,
            0.031825,
            0.992732
          ]
        ],
        [
          [
            0.982934,
            -0.011797,
            -0.183581
          ],
          [
            0.04103,
            0.986862,
            0.156266
          ],
          [
            0.179326,
            -0.161132,
            0.970504
          ]
        ],
        [
          [
            0.993208,
            0.029257,
            -0.112614
          ],
          [
            -0.079936,
            0.874874,
            -0.47771
          ],
          [
            0.084546,
            0.483467,
            0.87127
          ]
        ],
        [
          [
            0.997324,
            0.060172,
            -0.041528
          ],
          [
            -0.052046,
            0.983238,
            0.174739
          ],
          [
            0.051346,
            -0.17211,
            0.983739
          ]
        ],
        [
          [
            0.998045,
            0.05573,
            -0.028301
          ],
          [
            -0.054357,
            0.997407,
            0.047162
          ],
          [
            0.030856,
            -0.045531,
            0.998486
          ]
        ],
        [
          [
            0.998138,
            -0.059245,
            0.014535
          ],
          [
            0.031381,
            0.703011,
            0.710486
          ],
          [
            -0.052311,
            -0.708707,
            0.703561
          ]
        ],
        [
          [
            0.992846,
            0.093441,
            -0.074337
          ],
          [
            -0.097769,
            0.993582,
            -0.056889
          ],
          [
            0.068544,
            0.06375,
            0.995609
          ]
        ],
        [
          [
            0.99629,
            -0.039052,
            0.076692
          ],
          [
            0.050336,
            0.987219,
            -0.151214
          ],
          [
            -0.069807,
            0.154513,
            0.985521
          ]
        ],
        [
          [
            0.994457,
            0.020683,
            0.103093
          ],
          [
            -0.00671,
            0.990947,
            -0.134086
          ],
          [
            -0.104933,
            0.132651,
            0.985593
          ]
        ],
        [
          [
            0.997868,
            0.050752,
            0.041043
          ],
          [
            -0.047566,
            0.996035,
            -0.075184
          ],
          [
            -0.044696,
            0.073071,
            0.996325
          ]
        ],
        [
          [
            0.996329,
            0.073374,
            -0.044097
          ],
          [
            -0.076568,
            0.994183,
            -0.07574
          ],
          [
            0.038283,
            0.078839,
            0.996152
          ]
        ],
        [
          [
            0.991421,
            -0.060468,
            -0.115877
          ],
          [
            0.054512,
            0.997057,
            -0.053902
          ],
          [
            0.118795,
            0.047123,
            0.9918
          ]
        ],
        [
          [
            0.994047,
            0.028231,
            -0.105232
          ],
          [
            -0.028099,
            0.999601,
            0.002741
          ],
          [
            0.105268,
            0.000232,
            0.994444
          ]
        ],
        [
          [
            0.993233,
            0.115545,
            -0.011728
          ],
          [
            -0.110159,
            0.969265,
            0.219978
          ],
          [
            0.036785,
            -0.217198,
            0.975434
          ]
        ],
        [
          [
            0.994592,
            -0.003162,
            0.10381
          ],
          [
            -0.010982,
            0.990731,
            0.135392
          ],
          [
            -0.103276,
            -0.1358,
            0.985339
          ]
        ],
        [
          [
            0.99224,
            -0.078064,
            0.096776
          ],
          [
            0.070091,
            0.994063,
            0.083223
          ],
          [
            -0.102698,
            -0.075794,
            0.991821
          ]
        ],
        [
          [
            0.495789,
            0.717021,
            -0.489974
          ],
          [
            -0.489755,
            0.696769,
            0.524074
          ],
          [
            0.717171,
            -0.019863,
            0.696615
          ]
        ],
        [
          [
            0.216315,
            -0.968457,
            0.123685
          ],
          [
            0.02336,
            0.131782,
            0.991003
          ],
          [
            -0.976044,
            -0.21148,
            0.05113
          ]
        ],
        [
          [
            0.743722,
            0.380125,
            0.549893
          ],
          [
            -0.459464,
            0.888165,
            0.007455
          ],
          [
            -0.485562,
            -0.2582,
            0.835202
          ]
        ],
        [
          [
            0.952423,
            -0.033269,
            -0.302958
          ],
          [
            0.07165,
            0.990607,
            0.116465
          ],
          [
            0.296238,
            -0.132631,
            0.94586
          ]
        ],
        [
          [
            0.984105,
            0.152217,
            0.091473
          ],
          [
            0.019112,
            0.421315,
            -0.906713
          ],
          [
            -0.176556,
            0.894049,
            0.411709
          ]
        ],
        [
          [
            0.99607,
            -0.060991,
            0.064226
          ],
          [
            0.087403,
            0.559453,
            -0.824241
          ],
          [
            0.01434,
            0.826615,
            0.562585
          ]
        ],
        [
          [
            1.0,
            0.0,
            0.0
          ],
          [
            0.0,
            1.0,
            0.0
          ],
          [
            0.0,
            0.0,
            1.0
          ]
        ],
        [
          [
            1.0,
            0.0,
            0.0
          ],
          [
            0.0,
            1.0,
            0.0
          ],
          [
            0.0,
            0.0,
            1.0
          ]
        ]
      ]
    },
    {
      "time_sec": 0.169231,
      "root_offset": [
        -0.001083,
        0.027485,
        -0.020129
      ],
      "local_rotation_matrices": [
        [
          [
            0.979482,
            -0.118213,
            0.163218
          ],
          [
            0.11857,
            0.992917,
            0.007589
          ],
          [
            -0.162959,
            0.01192,
            0.986561
          ]
        ],
        [
          [
            0.971177,
            0.06439,
            -0.229496
          ],
          [
            -0.009103,
            0.972138,
            0.234231
          ],
          [
            0.238184,
            -0.225391,
            0.944705
          ]
        ],
        [
          [
            0.98873,
            -0.022691,
            -0.147983
          ],
          [
            -0.054459,
            0.866221,
            -0.496684
          ],
          [
            0.139456,
            0.499145,
            0.855223
          ]
        ],
        [
          [
            0.9909,
            0.083507,
            -0.10556
          ],
          [
            -0.068753,
            0.988264,
            0.136411
          ],
          [
            0.115712,
            -0.127912,
            0.985012
          ]
        ],
        [
          [
            0.998634,
            0.043637,
            -0.028756
          ],
          [
            -0.042114,
            0.997781,
            0.051571
          ],
          [
            0.030942,
            -0.050289,
            0.998255
          ]
        ],
        [
          [
            0.997499,
            -0.070386,
            0.00643
          ],
          [
            0.064792,
            0.946981,
            0.314689
          ],
          [
            -0.028239,
            -0.313485,
            0.949173
          ]
        ],
        [
          [
            0.992997,
            0.105996,
            -0.052175
          ],
          [
            -0.107671,
            0.993721,
            -0.030406
          ],
          [
            0.048624,
            0.03581,
            0.998175
          ]
        ],
        [
          [
            0.995297,
            -0.066997,
            0.069971
          ],
          [
            0.079869,
            0.976263,
            -0.201323
          ],
          [
            -0.054822,
            0.205965,
            0.977023
          ]
        ],
        [
          [
            0.986096,
            0.032809,
            0.162905
          ],
          [
            -0.00593,
            0.986639,
            -0.162811
          ],
          [
            -0.16607,
            0.159581,
            0.973116
          ]
        ],
        [
          [
            0.995112,
            0.076497,
            0.062451
          ],
          [
            -0.071234,
            0.994038,
            -0.082554
          ],
          [
            -0.068394,
            0.077702,
            0.994628
          ]
        ],
        [
          [
            0.997276,
            0.054629,
            -0.049564
          ],
          [
            -0.059659,
            0.992528,
            -0.106436
          ],
          [
            0.043379,
            0.109103,
            0.993083
          ]
        ],
        [
          [
            0.995589,
            -0.040816,
            -0.084472
          ],
          [
            0.036506,
            0.997982,
            -0.051958
          ],
          [
            0.086422,
            0.048645,
            0.99507
          ]
        ],
        [
          [
            0.993641,
            0.003888,
            -0.112531
          ],
          [
            -0.004502,
            0.999976,
            -0.005204
          ],
          [
            0.112508,
            0.005677,
            0.993635
          ]
        ],
        [
          [
            0.988053,
            0.153773,
            0.010242
          ],
          [
            -0.152143,
            0.962664,
            0.223897
          ],
          [
            0.024569,
            -0.22278,
            0.974559
          ]
        ],
        [
          [
            0.993285,
            0.007521,
            0.115448
          ],
          [
            -0.024215,
            0.989298,
            0.143888
          ],
          [
            -0.11313,
            -0.145717,
            0.982837
          ]
        ],
        [
          [
            0.993084,
            -0.069711,
            0.094475
          ],
          [
            0.059514,
            0.992502,
            0.10676
          ],
          [
            -0.101209,
            -0.100399,
            0.989786
          ]
        ],
        [
          [
            0.579659,
            0.645092,
            -0.497847
          ],
          [
            -0.521738,
            0.763124,
            0.381354
          ],
          [
            0.625928,
            0.03869,
            0.778921
          ]
        ],
        [
          [
            0.228841,
            -0.960261,
            0.159784
          ],
          [
            -0.042157,
            0.154209,
            0.987138
          ],
          [
            -0.972551,
            -0.232634,
            -0.005192
          ]
        ],
        [
          [
            0.66184,
            0.450229,
            0.599384
          ],
          [
            -0.533708,
            0.84447,
            -0.045006
          ],
          [
            -0.526425,
            -0.290109,
            0.799195
          ]
        ],
        [
          [
            0.953415,
            -0.03083,
            -0.300083
          ],
          [
            0.067847,
            0.991193,
            0.113728
          ],
          [
            0.293934,
            -0.128789,
            0.947109
          ]
        ],
        [
          [
            0.964604,
            0.226351,
            0.135294
          ],
          [
            0.036161,
            0.39467,
            -0.918111
          ],
          [
            -0.261212,
            0.890506,
            0.372515
          ]
        ],
        [
          [
            0.991965,
            -0.084104,
            0.094511
          ],
          [
            0.126039,
            0.592269,
            -0.795821
          ],
          [
            0.010956,
            0.801339,
            0.59811
          ]
        ],
        [
          [
            1.0,
            0.0,
            0.0
          ],
          [
            0.0,
            1.0,
            0.0
          ],
          [
            0.0,
            0.0,
            1.0
          ]
        ],
        [
          [
            1.0,
            0.0,
            0.0
          ],
          [
            0.0,
            1.0,
            0.0
          ],
          [
            0.0,
            0.0,
            1.0
          ]
        ]
      ]
    },
    {
      "time_sec": 0.253846,
      "root_offset": [
        -0.009199,
        0.053588,
        -0.043601
      ],
      "local_rotation_matrices": [
        [
          [
            0.980202,
            -0.152347,
            0.126467
          ],
          [
            0.148317,
            0.9881,
            0.040752
          ],
          [
            -0.13117,
            -0.021188,
            0.991133
          ]
        ],
        [
          [
            0.985704,
            0.048986,
            -0.16121
          ],
          [
            -0.008725,
            0.970359,
            0.241511
          ],
          [
            0.168262,
            -0.236652,
            0.956914
          ]
        ],
        [
          [
            0.991949,
            -0.063511,
            -0.109562
          ],
          [
            -0.009442,
            0.825651,
            -0.564102
          ],
          [
            0.126286,
            0.560595,
            0.818404
          ]
        ],
        [
          [
            0.993115,
            0.095161,
            -0.068322
          ],
          [
            -0.089296,
            0.992431,
            0.084298
          ],
          [
            0.075827,
            -0.077617,
            0.994096
          ]
        ],
        [
          [
            0.998061,
            0.038362,
            -0.049024
          ],
          [
            -0.023917,
            0.963411,
            0.26696
          ],
          [
            0.057471,
            -0.26527,
            0.96246
          ]
        ],
        [
          [
            0.997749,
            -0.067039,
            0.001572
          ],
          [
            0.064142,
            0.960956,
            0.269165
          ],
          [
            -0.019555,
            -0.268458,
            0.963093
          ]
        ],
        [
          [
            0.992959,
            0.112739,
            -0.036351
          ],
          [
            -0.113073,
            0.99356,
            -0.007267
          ],
          [
            0.035298,
            0.011326,
            0.999313
          ]
        ],
        [
          [
            0.999658,
            -0.01593,
            0.020739
          ],
          [
            0.020505,
            0.969662,
            -0.243587
          ],
          [
            -0.01623,
            0.243929,
            0.969657
          ]
        ],
        [
          [
            0.989045,
            0.003463,
            0.147574
          ],
          [
            0.00518,
            0.998295,
            -0.05814
          ],
          [
            -0.147523,
            0.058267,
            0.987341
          ]
        ],
        [
          [
            0.992388,
            0.098962,
            0.073304
          ],
          [
            -0.08996,
            0.989012,
            -0.117312
          ],
          [
            -0.084108,
            0.109825,
            0.990386
          ]
        ],
        [
          [
            0.997628,
            0.051872,
            -0.045249
          ],
          [
            -0.061499,
            0.96696,
            -0.247397
          ],
          [
            0.030921,
            0.249593,
            0.967857
          ]
        ],
        [
          [
            0.994484,
            -0.037342,
            -0.098018
          ],
          [
            0.033098,
            0.998458,
            -0.044571
          ],
          [
            0.099531,
            0.041081,
            0.994186
          ]
        ],
        [
          [
            0.988192,
            -0.025483,
            -0.151087
          ],
          [
            0.02717,
            0.999589,
            0.009112
          ],
          [
            0.150793,
            -0.013109,
            0.988478
          ]
        ],
        [
          [
            0.981597,
            0.181403,
            -0.059673
          ],
          [
            -0.157102,
            0.944742,
            0.287718
          ],
          [
            0.108568,
            -0.273048,
            0.955854
          ]
        ],
        [
          [
            0.987309,
            0.022987,
            0.15714
          ],
          [
            -0.052558,
            0.981007,
            0.186717
          ],
          [
            -0.149863,
            -0.192606,
            0.969765
          ]
        ],
        [
          [
            0.992932,
            -0.074603,
            0.092312
          ],
          [
            0.061005,
            0.987951,
            0.142235
          ],
          [
            -0.10181,
            -0.135598,
            0.985519
          ]
        ],
        [
          [
            0.643561,
            0.605076,
            -0.468735
          ],
          [
            -0.521131,
            0.794932,
            0.310655
          ],
          [
            0.560582,
            0.044346,
            0.826911
          ]
        ],
        [
          [
            0.260319,
            -0.946952,
            0.188459
          ],
          [
            -0.074731,
            0.174843,
            0.981756
          ],
          [
            -0.962626,
            -0.269653,
            -0.025252
          ]
        ],
        [
          [
            0.564549,
            0.493456,
            0.661654
          ],
          [
            -0.5849,
            0.804775,
            -0.101135
          ],
          [
            -0.582389,
            -0.329906,
            0.742957
          ]
        ],
        [
          [
            0.961499,
            0.008937,
            -0.274664
          ],
          [
            0.026755,
            0.991679,
            0.125926
          ],
          [
            0.273504,
            -0.128427,
            0.953259
          ]
        ],
        [
          [
            0.953286,
            0.251695,
            0.167021
          ],
          [
            0.03723,
            0.450808,
            -0.891844
          ],
          [
            -0.299767,
            0.8564,
            0.420379
          ]
        ],
        [
          [
            0.988114,
            -0.10301,
            0.114106
          ],
          [
            0.153616,
            0.633768,
            -0.758116
          ],
          [
            0.005777,
            0.766634,
            0.642059
          ]
        ],
        [
          [
            1.0,
            0.0,
            0.0
          ],
          [
            0.0,
            1.0,
            0.0
          ],
          [
            0.0,
            0.0,
            1.0
          ]
        ],
        [
          [
            1.0,
            0.0,
            0.0
          ],
          [
            0.0,
            1.0,
            0.0
          ],
          [
            0.0,
            0.0,
            1.0
          ]
        ]
      ]
    },
    {
      "time_sec": 0.338462,
      "root_offset": [
        -0.024774,
        0.080626,
        -0.043917
      ],
      "local_rotation_matrices": [
        [
          [
            0.986834,
            -0.161727,
            0.00144
          ],
          [
            0.161658,
            0.986608,
            0.021725
          ],
          [
            -0.004934,
            -0.021207,
            0.999763
          ]
        ],
        [
          [
            0.999061,
            -0.036605,
            0.023174
          ],
          [
            0.033108,
            0.990076,
            0.13658
          ],
          [
            -0.027944,
            -0.135684,
            0.990358
          ]
        ],
        [
          [
            0.997939,
            -0.054163,
            0.034399
          ],
          [
            0.064108,
            0.819259,
            -0.569829
          ],
          [
            0.002682,
            0.57086,
            0.821043
          ]
        ],
        [
          [
            0.9939,
            0.087122,
            0.067614
          ],
          [
            -0.092557,
            0.992333,
            0.081904
          ],
          [
            -0.05996,
            -0.087663,
            0.994344
          ]
        ],
        [
          [
            0.996166,
            0.047815,
            -0.073259
          ],
          [
            0.003799,
            0.812981,
            0.582278
          ],
          [
            0.0874,
            -0.580324,
            0.809682
          ]
        ],
        [
          [
            0.998497,
            -0.054778,
            0.001881
          ],
          [
            0.048608,
            0.90084,
            0.431422
          ],
          [
            -0.025326,
            -0.430682,
            0.902148
          ]
        ],
        [
          [
            0.994394,
            0.105429,
            -0.008106
          ],
          [
            -0.105516,
            0.994356,
            -0.011086
          ],
          [
            0.006892,
            0.011879,
            0.999906
          ]
        ],
        [
          [
            0.996847,
            0.069079,
            -0.039051
          ],
          [
            -0.073633,
            0.988686,
            -0.130683
          ],
          [
            0.029582,
            0.133147,
            0.990655
          ]
        ],
        [
          [
            0.997141,
            -0.020616,
            0.072701
          ],
          [
            0.015997,
            0.99785,
            0.06356
          ],
          [
            -0.073855,
            -0.062215,
            0.995326
          ]
        ],
        [
          [
            0.992156,
            0.10381,
            0.069645
          ],
          [
            -0.095262,
            0.988613,
            -0.116486
          ],
          [
            -0.080944,
            0.108937,
            0.990748
          ]
        ],
        [
          [
            0.997334,
            0.068952,
            -0.023904
          ],
          [
            -0.072929,
            0.929677,
            -0.361084
          ],
          [
            -0.002675,
            0.361864,
            0.932227
          ]
        ],
        [
          [
            0.990512,
            -0.049375,
            -0.12825
          ],
          [
            0.048136,
            0.99876,
            -0.012744
          ],
          [
            0.12872,
            0.006449,
            0.99166
          ]
        ],
        [
          [
            0.984529,
            -0.02699,
            -0.173132
          ],
          [
            0.031592,
            0.999216,
            0.023876
          ],
          [
            0.172352,
            -0.028976,
            0.984609
          ]
        ],
        [
          [
            0.974476,
            0.188556,
            -0.121836
          ],
          [
            -0.139515,
            0.933841,
            0.329358
          ],
          [
            0.175878,
            -0.303954,
            0.936311
          ]
        ],
        [
          [
            0.982543,
            0.026406,
            0.184151
          ],
          [
            -0.063911,
            0.97754,
            0.200827
          ],
          [
            -0.174712,
            -0.20909,
            0.962163
          ]
        ],
        [
          [
            0.992989,
            -0.087715,
            0.079239
          ],
          [
            0.075843,
            0.986944,
            0.142088
          ],
          [
            -0.090668,
            -0.135082,
            0.986677
          ]
        ],
        [
          [
            0.607487,
            0.622202,
            -0.493786
          ],
          [
            -0.503455,
            0.782427,
            0.366525
          ],
          [
            0.614404,
            0.02594,
            0.788565
          ]
        ],
        [
          [
            0.280245,
            -0.94374,
            0.17555
          ],
          [
            -0.02825,
            0.174691,
            0.984218
          ],
          [
            -0.959513,
            -0.280782,
            0.022295
          ]
        ],
        [
          [
            0.552057,
            0.485952,
            0.677557
          ],
          [
            -0.583734,
            0.8055,
            -0.102103
          ],
          [
            -0.595389,
            -0.339146,
            0.728349
          ]
        ],
        [
          [
            0.969736,
            0.049083,
            -0.239171
          ],
          [
            -0.015782,
            0.990138,
            0.139206
          ],
          [
            0.243645,
            -0.131218,
            0.960947
          ]
        ],
        [
          [
            0.947737,
            0.274764,
            0.16217
          ],
          [
            0.021917,
            0.451017,
            -0.892246
          ],
          [
            -0.318299,
            0.849169,
            0.421423
          ]
        ],
        [
          [
            0.990895,
            -0.081109,
            0.107463
          ],
          [
            0.13443,
            0.640243,
            -0.756318
          ],
          [
            -0.007459,
            0.763878,
            0.645317
          ]
        ],
        [
          [
            1.0,
            0.0,
            0.0
          ],
          [
            0.0,
            1.0,
            0.0
          ],
          [
            0.0,
            0.0,
            1.0
          ]
        ],
        [
          [
            1.0,
            0.0,
            0.0
          ],
          [
            0.0,
            1.0,
            0.0
          ],
          [
            0.0,
            0.0,
            1.0
          ]
        ]
      ]
    },
    {
      "time_sec": 0.423077,
      "root_offset": [
        -0.037334,
        0.100021,
        -0.023912
      ],
      "local_rotation_matrices": [
        [
          [
            0.981267,
            -0.187559,
            -0.044015
          ],
          [
            0.186007,
            0.981849,
            -0.037063
          ],
          [
            0.050168,
            0.028182,
            0.998343
          ]
        ],
        [
          [
            0.981788,
            -0.053319,
            0.182346
          ],
          [
            0.07746,
            0.988752,
            -0.127943
          ],
          [
            -0.173474,
            0.139738,
            0.974874
          ]
        ],
        [
          [
            0.991837,
            -0.063744,
            0.110439
          ],
          [
            0.101608,
            0.918371,
            -0.382452
          ],
          [
            -0.077045,
            0.390552,
            0.917351
          ]
        ],
        [
          [
            0.990453,
            0.065838,
            0.121111
          ],
          [
            -0.080732,
            0.989181,
            0.122491
          ],
          [
            -0.111736,
            -0.131099,
            0.985052
          ]
        ],
        [
          [
            0.992754,
            0.06819,
            -0.098948
          ],
          [
            0.065785,
            0.380673,
            0.922367
          ],
          [
            0.100563,
            -0.922192,
            0.373429
          ]
        ],
        [
          [
            0.998534,
            -0.053503,
            0.008169
          ],
          [
            0.044139,
            0.892347,
            0.449188
          ],
          [
            -0.031323,
            -0.448169,
            0.8934
          ]
        ],
        [
          [
            0.995876,
            0.090579,
            0.005081
          ],
          [
            -0.090422,
            0.995576,
            -0.025535
          ],
          [
            -0.007372,
            0.02497,
            0.999661
          ]
        ],
        [
          [
            0.976263,
            0.102375,
            -0.190865
          ],
          [
            -0.061003,
            0.975532,
            0.211226
          ],
          [
            0.207819,
            -0.194568,
            0.958621
          ]
        ],
        [
          [
            0.999407,
            -0.022105,
            0.026391
          ],
          [
            0.023165,
            0.998908,
            -0.040562
          ],
          [
            -0.025465,
            0.04115,
            0.998828
          ]
        ],
        [
          [
            0.99471,
            0.088865,
            0.051525
          ],
          [
            -0.083361,
            0.991428,
            -0.100601
          ],
          [
            -0.060023,
            0.095774,
            0.993592
          ]
        ],
        [
          [
            0.99732,
            0.072773,
            -0.007518
          ],
          [
