{
  "format": "gf5_keyframed_motion",
  "version": 1,
  "name": "Bow",
  "profile_name": "course_body_24",
  "joint_order": [
    "pelvis",
    "left_hip",
    "right_hip",
    "spine1",
    "left_knee",
    "right_knee",
    "spine2",
    "left_ankle",
    "right_ankle",
    "spine3",
    "left_foot",
    "right_foot",
    "neck",
    "left_collar",
    "right_collar",
    "head",
    "left_shoulder",
    "right_shoulder",
    "left_elbow",
    "right_elbow",
    "left_wrist",
    "right_wrist",
    "left_hand",
    "right_hand"
  ],
  "coordinate_convention": {
    "name": "gf5_viewer_body",
    "up_axis": [
      0.0,
      0.0,
      1.0
    ],
    "forward_axis": [
      0.0,
      1.0,
      0.0
    ],
    "anatomical_right_axis": [
      1.0,
      0.0,
      0.0
    ],
    "native_smpl_to_viewer": "viewer=(-native_x, native_z, native_y)"
  },
  "duration_sec": 2.966667,
  "exported_at": "2026-05-13T23:48:15",
  "source_asset_name": null,
  "source_motion": {
    "format": "amass_npz",
    "path": "staff_tools/motion_fallback/packs/hy_motion_palette/clips/bow_01.npz",
    "frame_rate": 30.0,
    "frame_count": 90,
    "pose_source": "poses",
    "translation_source": "trans",
    "start_sec": 0.0,
    "end_sec": 2.966667,
    "sample_fps": 12.0,
    "manifest": "staff_tools/motion_fallback/packs/hy_motion_palette/manifest.json"
  },
  "keyframes": [
    {
      "time_sec": 0.0,
      "root_offset": [
        0.0,
        0.0,
        0.0
      ],
      "local_rotation_matrices": [
        [
          [
            0.999636,
            -0.019274,
            0.018885
          ],
          [
            0.021025,
            0.995026,
            -0.097367
          ],
          [
            -0.016914,
            0.097728,
            0.995069
          ]
        ],
        [
          [
            0.994218,
            -0.103973,
            -0.026832
          ],
          [
            0.106928,
            0.981526,
            0.15866
          ],
          [
            0.00984,
            -0.160612,
            0.986969
          ]
        ],
        [
          [
            0.984394,
            0.166939,
            -0.055675
          ],
          [
            -0.155719,
            0.9737,
            0.166315
          ],
          [
            0.081975,
            -0.15505,
            0.9845
          ]
        ],
        [
          [
            0.999987,
            -0.001822,
            0.004735
          ],
          [
            0.001055,
            0.98757,
            0.157175
          ],
          [
            -0.004963,
            -0.157168,
            0.987559
          ]
        ],
        [
          [
            0.999258,
            0.036376,
            -0.012669
          ],
          [
            -0.036715,
            0.998945,
            -0.027586
          ],
          [
            0.011652,
            0.02803,
            0.999539
          ]
        ],
        [
          [
            0.996594,
            -0.081955,
            0.009168
          ],
          [
            0.082026,
            0.996601,
            -0.007627
          ],
          [
            -0.008511,
            0.008353,
            0.999929
          ]
        ],
        [
          [
            0.998491,
            0.031199,
            -0.045194
          ],
          [
            -0.037073,
            0.990072,
            -0.135584
          ],
          [
            0.040515,
            0.137054,
            0.989735
          ]
        ],
        [
          [
            0.997821,
            -0.065719,
            0.00583
          ],
          [
            0.065937,
            0.996387,
            -0.053521
          ],
          [
            -0.002292,
            0.053789,
            0.99855
          ]
        ],
        [
          [
            0.996576,
            0.015952,
            0.081132
          ],
          [
            -0.010284,
            0.997507,
            -0.06981
          ],
          [
            -0.082043,
            0.068736,
            0.994256
          ]
        ],
        [
          [
            0.999978,
            0.001914,
            0.00631
          ],
          [
            -0.002437,
            0.996467,
            0.08395
          ],
          [
            -0.006127,
            -0.083964,
            0.99645
          ]
        ],
        [
          [
            0.997773,
            0.06659,
            0.003828
          ],
          [
            -0.066386,
            0.997006,
            -0.039654
          ],
          [
            -0.006458,
            0.039312,
            0.999206
          ]
        ],
        [
          [
            0.993197,
            -0.036971,
            -0.110421
          ],
          [
            0.032688,
            0.998651,
            -0.040355
          ],
          [
            0.111764,
            0.036471,
            0.993065
          ]
        ],
        [
          [
            0.998598,
            0.045125,
            -0.02769
          ],
          [
            -0.041814,
            0.993015,
            0.110331
          ],
          [
            0.032475,
            -0.109018,
            0.993509
          ]
        ],
        [
          [
            0.987835,
            0.091613,
            -0.125655
          ],
          [
            -0.04428,
            0.940301,
            0.337452
          ],
          [
            0.149068,
            -0.327783,
            0.932918
          ]
        ],
        [
          [
            0.983788,
            -0.124212,
            0.129354
          ],
          [
            0.080068,
            0.94964,
            0.30294
          ],
          [
            -0.160469,
            -0.287671,
            0.94419
          ]
        ],
        [
          [
            0.998253,
            -0.058568,
            0.007856
          ],
          [
            0.058254,
            0.99767,
            0.035497
          ],
          [
            -0.009916,
            -0.034978,
            0.999339
          ]
        ],
        [
          [
            0.206487,
            0.9726,
            0.106827
          ],
          [
            -0.502393,
            0.0117,
            0.86456
          ],
          [
            0.839621,
            -0.232189,
            0.491044
          ]
        ],
        [
          [
            0.136905,
            -0.970823,
            -0.196875
          ],
          [
            0.435551,
            -0.119509,
            0.892196
          ],
          [
            -0.889692,
            -0.207896,
            0.406481
          ]
        ],
        [
          [
            0.723757,
            0.39227,
            0.567715
          ],
          [
            -0.453078,
            0.890669,
            -0.037808
          ],
          [
            -0.520477,
            -0.229855,
            0.822357
          ]
        ],
        [
          [
            0.683221,
            -0.394303,
            -0.614601
          ],
          [
            0.471176,
            0.881064,
            -0.041472
          ],
          [
            0.557855,
            -0.26125,
            0.787747
          ]
        ],
        [
          [
            0.966311,
            -0.188775,
            -0.174948
          ],
          [
            -0.062902,
            0.485908,
            -0.871743
          ],
          [
            0.249572,
            0.85338,
            0.457664
          ]
        ],
        [
          [
            0.8759,
            -0.226698,
            0.42592
          ],
          [
            0.474522,
            0.564537,
            -0.675372
          ],
          [
            -0.087342,
            0.793667,
            0.60205
          ]
        ],
        [
          [
            1.0,
            0.0,
            0.0
          ],
          [
            0.0,
            1.0,
            0.0
          ],
          [
            0.0,
            0.0,
            1.0
          ]
        ],
        [
          [
            1.0,
            0.0,
            0.0
          ],
          [
            0.0,
            1.0,
            0.0
          ],
          [
            0.0,
            0.0,
            1.0
          ]
        ]
      ]
    },
    {
      "time_sec": 0.084762,
      "root_offset": [
        -0.003009,
        -0.00178,
        0.000367
      ],
      "local_rotation_matrices": [
        [
          [
            0.999702,
            -0.016171,
            0.018269
          ],
          [
            0.01789,
            0.995002,
            -0.098238
          ],
          [
            -0.016589,
            0.098535,
            0.994995
          ]
        ],
        [
          [
            0.994017,
            -0.106099,
            -0.025927
          ],
          [
            0.108889,
            0.981175,
            0.159494
          ],
          [
            0.008517,
            -0.161362,
            0.986858
          ]
        ],
        [
          [
            0.984359,
            0.167352,
            -0.055059
          ],
          [
            -0.156092,
            0.973368,
            0.1679
          ],
          [
            0.081691,
            -0.15668,
            0.984265
          ]
        ],
        [
          [
            0.999986,
            -0.002064,
            0.004918
          ],
          [
            0.001254,
            0.987229,
            0.159304
          ],
          [
            -0.005184,
            -0.159295,
            0.987217
          ]
        ],
        [
          [
            0.999246,
            0.036571,
            -0.013019
          ],
          [
            -0.036899,
            0.998984,
            -0.025872
          ],
          [
            0.012059,
            0.026333,
            0.999581
          ]
        ],
        [
          [
            0.99657,
            -0.082224,
            0.009345
          ],
          [
            0.082286,
            0.996588,
            -0.006383
          ],
          [
            -0.008789,
            0.00713,
            0.999936
          ]
        ],
        [
          [
            0.998449,
            0.031182,
            -0.046115
          ],
          [
            -0.037195,
            0.990028,
            -0.135869
          ],
          [
            0.041418,
            0.137373,
            0.989653
          ]
        ],
        [
          [
            0.997902,
            -0.064541,
            0.005062
          ],
          [
            0.06472,
            0.996447,
            -0.053889
          ],
          [
            -0.001566,
            0.054104,
            0.998534
          ]
        ],
        [
          [
            0.996535,
            0.01383,
            0.082018
          ],
          [
            -0.008025,
            0.997466,
            -0.070686
          ],
          [
            -0.082787,
            0.069783,
            0.994121
          ]
        ],
        [
          [
            0.999977,
            0.001945,
            0.006531
          ],
          [
            -0.002481,
            0.99654,
            0.083082
          ],
          [
            -0.006346,
            -0.083097,
            0.996521
          ]
        ],
        [
          [
            0.997769,
            0.066715,
            0.002495
          ],
          [
            -0.066562,
            0.996979,
            -0.040037
          ],
          [
            -0.005158,
            0.039782,
            0.999195
          ]
        ],
        [
          [
            0.993028,
            -0.037194,
            -0.111859
          ],
          [
            0.032931,
            0.998668,
            -0.03972
          ],
          [
            0.113188,
            0.03576,
            0.99293
          ]
        ],
        [
          [
            0.998604,
            0.044616,
            -0.028278
          ],
          [
            -0.041288,
            0.993186,
            0.108984
          ],
          [
            0.032948,
            -0.107664,
            0.993641
          ]
        ],
        [
          [
            0.987965,
            0.092493,
            -0.123979
          ],
          [
            -0.045395,
            0.939605,
            0.339238
          ],
          [
            0.147869,
            -0.329527,
            0.932495
          ]
        ],
        [
          [
            0.984049,
            -0.124565,
            0.127005
          ],
          [
            0.081089,
            0.949534,
            0.303
          ],
          [
            -0.158339,
            -0.287868,
            0.94449
          ]
        ],
        [
          [
            0.998234,
            -0.05889,
            0.007783
          ],
          [
            0.058553,
            0.997556,
            0.038131
          ],
          [
            -0.010009,
            -0.037608,
            0.999242
          ]
        ],
        [
          [
            0.204051,
            0.973482,
            0.10342
          ],
          [
            -0.502381,
            0.013458,
            0.864541
          ],
          [
            0.840224,
            -0.228367,
            0.491805
          ]
        ],
        [
          [
            0.135217,
            -0.971138,
            -0.196489
          ],
          [
            0.435608,
            -0.119849,
            0.892122
          ],
          [
            -0.889923,
            -0.206222,
            0.406829
          ]
        ],
        [
          [
            0.724304,
            0.391623,
            0.567463
          ],
          [
            -0.452295,
            0.891073,
            -0.03765
          ],
          [
            -0.520396,
            -0.229391,
            0.822537
          ]
        ],
        [
          [
            0.682804,
            -0.394746,
            -0.61478
          ],
          [
            0.471527,
            0.880856,
            -0.041891
          ],
          [
            0.558069,
            -0.261282,
            0.787586
          ]
        ],
        [
          [
            0.965317,
            -0.190726,
            -0.178287
          ],
          [
            -0.064627,
            0.487068,
            -0.87097
          ],
          [
            0.252955,
            0.852284,
            0.457849
          ]
        ],
        [
          [
            0.875996,
            -0.227467,
            0.425312
          ],
          [
            0.474797,
            0.561808,
            -0.677451
          ],
          [
            -0.084846,
            0.795381,
            0.600142
          ]
        ],
        [
          [
            1.0,
            0.0,
            0.0
          ],
          [
            0.0,
            1.0,
            0.0
          ],
          [
            0.0,
            0.0,
            1.0
          ]
        ],
        [
          [
            1.0,
            0.0,
            0.0
          ],
          [
            0.0,
            1.0,
            0.0
          ],
          [
            0.0,
            0.0,
            1.0
          ]
        ]
      ]
    },
    {
      "time_sec": 0.169524,
      "root_offset": [
        -0.003162,
        -0.001286,
        0.000268
      ],
      "local_rotation_matrices": [
        [
          [
            0.999746,
            -0.013815,
            0.017787
          ],
          [
            0.015519,
            0.99491,
            -0.099569
          ],
          [
            -0.016321,
            0.09982,
            0.994872
          ]
        ],
        [
          [
            0.993882,
            -0.107588,
            -0.024979
          ],
          [
            0.110217,
            0.980754,
            0.161163
          ],
          [
            0.007159,
            -0.16293,
            0.986612
          ]
        ],
        [
          [
            0.98431,
            0.167822,
            -0.05449
          ],
          [
            -0.156464,
            0.972925,
            0.170106
          ],
          [
            0.081562,
            -0.158911,
            0.983918
          ]
        ],
        [
          [
            0.999984,
            -0.002174,
            0.005181
          ],
          [
            0.001315,
            0.987047,
            0.160424
          ],
          [
            -0.005462,
            -0.160415,
            0.987035
          ]
        ],
        [
          [
            0.999246,
            0.036458,
            -0.013353
          ],
          [
            -0.036784,
            0.999008,
            -0.025084
          ],
          [
            0.012425,
            0.025556,
            0.999596
          ]
        ],
        [
          [
            0.996549,
            -0.082489,
            0.009273
          ],
          [
            0.082547,
            0.996569,
            -0.006009
          ],
          [
            -0.008745,
            0.006754,
            0.999939
          ]
        ],
        [
          [
            0.998399,
            0.031517,
            -0.046959
          ],
          [
            -0.037633,
            0.990044,
            -0.135637
          ],
          [
            0.042216,
            0.137187,
            0.989645
          ]
        ],
        [
          [
            0.997981,
            -0.063373,
            0.004312
          ],
          [
            0.063514,
            0.996477,
            -0.054776
          ],
          [
            -0.000826,
            0.05494,
            0.998489
          ]
        ],
        [
          [
            0.996493,
            0.011917,
            0.082826
          ],
          [
            -0.00598,
            0.997418,
            -0.071562
          ],
          [
            -0.083465,
            0.070816,
            0.993991
          ]
        ],
        [
          [
            0.999975,
            0.002004,
            0.006787
          ],
          [
            -0.002554,
            0.996627,
            0.082023
          ],
          [
            -0.0066,
            -0.082038,
            0.996607
          ]
        ],
        [
          [
            0.997776,
            0.066646,
            0.001125
          ],
          [
            -0.066547,
            0.996974,
            -0.040187
          ],
          [
            -0.0038,
            0.040023,
            0.999192
          ]
        ],
        [
          [
            0.992905,
            -0.037444,
            -0.112858
          ],
          [
            0.033252,
            0.998693,
            -0.038804
          ],
          [
            0.114164,
            0.034776,
            0.992853
          ]
        ],
        [
          [
            0.998601,
            0.044427,
            -0.02867
          ],
          [
            -0.041089,
            0.993299,
            0.108025
          ],
          [
            0.033277,
            -0.106696,
            0.993735
          ]
        ],
        [
          [
            0.988037,
            0.093342,
            -0.122757
          ],
          [
            -0.046373,
            0.939006,
            0.34076
          ],
          [
            0.147077,
            -0.330991,
            0.932102
          ]
        ],
        [
          [
            0.984237,
            -0.125023,
            0.125084
          ],
          [
            0.082061,
            0.949382,
            0.303214
          ],
          [
            -0.156661,
            -0.28817,
            0.944677
          ]
        ],
        [
          [
            0.99822,
            -0.059144,
            0.007667
          ],
          [
            0.05879,
            0.997458,
            0.040271
          ],
          [
            -0.010029,
            -0.039749,
            0.999159
          ]
        ],
        [
          [
            0.20188,
            0.974315,
            0.099768
          ],
          [
            -0.501778,
            0.015409,
            0.864859
          ],
          [
            0.841108,
            -0.22466,
            0.492001
          ]
        ],
        [
          [
            0.134518,
            -0.971228,
            -0.196523
          ],
          [
            0.435298,
            -0.120246,
            0.89222
          ],
          [
            -0.89018,
            -0.205566,
            0.406598
          ]
        ],
        [
          [
            0.724999,
            0.390502,
            0.567348
          ],
          [
            -0.451293,
            0.891609,
            -0.036993
          ],
          [
            -0.520299,
            -0.22922,
            0.822647
          ]
        ],
        [
          [
            0.682574,
            -0.394976,
            -0.614887
          ],
          [
            0.471462,
            0.880863,
            -0.042467
          ],
          [
            0.558405,
            -0.260909,
            0.787471
          ]
        ],
        [
          [
            0.964347,
            -0.1927,
            -0.18139
          ],
          [
            -0.06601,
            0.488602,
            -0.870006
          ],
          [
            0.256278,
            0.850961,
            0.458462
          ]
        ],
        [
          [
            0.876191,
            -0.228691,
            0.424252
          ],
          [
            0.475073,
            0.558132,
            -0.68029
          ],
          [
            -0.081212,
            0.797615,
            0.597675
          ]
        ],
        [
          [
            1.0,
            0.0,
            0.0
          ],
          [
            0.0,
            1.0,
            0.0
          ],
          [
            0.0,
            0.0,
            1.0
          ]
        ],
        [
          [
            1.0,
            0.0,
            0.0
          ],
          [
            0.0,
            1.0,
            0.0
          ],
          [
            0.0,
            0.0,
            1.0
          ]
        ]
      ]
    },
    {
      "time_sec": 0.254286,
      "root_offset": [
        -0.002894,
        -0.00034,
        -2.8e-05
      ],
      "local_rotation_matrices": [
        [
          [
            0.999818,
            -0.008829,
            0.016936
          ],
          [
            0.010495,
            0.99484,
            -0.100916
          ],
          [
            -0.015957,
            0.101075,
            0.994751
          ]
        ],
        [
          [
            0.993617,
            -0.110254,
            -0.023838
          ],
          [
            0.112678,
            0.979998,
            0.164036
          ],
          [
            0.005276,
            -0.165675,
            0.986166
          ]
        ],
        [
          [
            0.983989,
            0.16978,
            -0.054223
          ],
          [
            -0.158186,
            0.972102,
            0.17319
          ],
          [
            0.082114,
            -0.16184,
            0.983395
          ]
        ],
        [
          [
            0.999983,
            -0.002039,
            0.005436
          ],
          [
            0.001135,
            0.986903,
            0.161308
          ],
          [
            -0.005694,
            -0.1613,
            0.986889
          ]
        ],
        [
          [
            0.999249,
            0.036279,
            -0.013633
          ],
          [
            -0.036597,
            0.999044,
            -0.023911
          ],
          [
            0.012753,
            0.024392,
            0.999621
          ]
        ],
        [
          [
            0.996465,
            -0.083475,
            0.009451
          ],
          [
            0.083535,
            0.996486,
            -0.006073
          ],
          [
            -0.008911,
            0.006841,
            0.999937
          ]
        ],
        [
          [
            0.998325,
            0.032152,
            -0.048094
          ],
          [
            -0.038403,
            0.990061,
            -0.135294
          ],
          [
            0.043266,
            0.136915,
            0.989637
          ]
        ],
        [
          [
            0.998017,
            -0.062801,
            0.00431
          ],
          [
            0.062944,
            0.996409,
            -0.056625
          ],
          [
            -0.000738,
            0.056784,
            0.998386
          ]
        ],
        [
          [
            0.9964,
            0.007713,
            0.084423
          ],
          [
            -0.001507,
            0.997306,
            -0.073332
          ],
          [
            -0.084761,
            0.072941,
            0.993728
          ]
        ],
        [
          [
            0.99997,
            0.002144,
            0.007396
          ],
          [
            -0.002729,
            0.996789,
            0.080022
          ],
          [
            -0.0072,
            -0.08004,
            0.996766
          ]
        ],
        [
          [
            0.997794,
            0.066372,
            -0.001072
          ],
          [
            -0.066362,
            0.996999,
            -0.03987
          ],
          [
            -0.001578,
            0.039853,
            0.999204
          ]
        ],
        [
          [
            0.992725,
            -0.037879,
            -0.114291
          ],
          [
            0.033827,
            0.998735,
            -0.037191
          ],
          [
            0.115556,
            0.033054,
            0.992751
          ]
        ],
        [
          [
            0.998586,
            0.044105,
            -0.029666
          ],
          [
            -0.040712,
            0.993467,
            0.106611
          ],
          [
            0.034174,
            -0.105252,
            0.993858
          ]
        ],
        [
          [
            0.988115,
            0.094859,
            -0.120959
          ],
          [
            -0.047992,
            0.937927,
            0.343496
          ],
          [
            0.146035,
            -0.333608,
            0.931332
          ]
        ],
        [
          [
            0.984603,
            -0.125893,
            0.121277
          ],
          [
            0.083894,
            0.948975,
            0.303988
          ],
          [
            -0.153359,
            -0.289133,
            0.944925
          ]
        ],
        [
          [
            0.99819,
            -0.059733,
            0.007028
          ],
          [
            0.059358,
            0.997221,
            0.045018
          ],
          [
            -0.009697,
            -0.044519,
            0.998961
          ]
        ],
        [
          [
            0.197819,
            0.975601,
            0.095244
          ],
          [
            -0.500796,
            0.017059,
            0.865397
          ],
          [
            0.842657,
            -0.218889,
            0.491952
          ]
        ],
        [
          [
            0.133395,
            -0.97141,
            -0.19639
          ],
          [
            0.435508,
            -0.120547,
            0.892077
          ],
          [
            -0.890246,
            -0.204528,
            0.406977
          ]
        ],
        [
          [
            0.726319,
            0.388392,
            0.567109
          ],
          [
            -0.449407,
            0.892612,
            -0.035743
          ],
          [
            -0.52009,
            -0.228902,
            0.822867
          ]
        ],
        [
          [
            0.681355,
            -0.396351,
            -0.615355
          ],
          [
            0.472516,
            0.880235,
            -0.043764
          ],
          [
            0.559003,
            -0.260947,
            0.787034
          ]
        ],
        [
          [
            0.962774,
            -0.195484,
            -0.18669
          ],
          [
            -0.068909,
            0.490339,
            -0.868803
          ],
          [
            0.261378,
            0.849325,
            0.458615
          ]
        ],
        [
          [
            0.87612,
            -0.229716,
            0.423844
          ],
          [
            0.475936,
            0.552197,
            -0.684517
          ],
          [
            -0.076801,
            0.801442,
            0.593121
          ]
        ],
        [
          [
            1.0,
            0.0,
            0.0
          ],
          [
            0.0,
            1.0,
            0.0
          ],
          [
            0.0,
            0.0,
            1.0
          ]
        ],
        [
          [
            1.0,
            0.0,
            0.0
          ],
          [
            0.0,
            1.0,
            0.0
          ],
          [
            0.0,
            0.0,
            1.0
          ]
        ]
      ]
    },
    {
      "time_sec": 0.339048,
      "root_offset": [
        -0.002363,
        0.00051,
        6e-06
      ],
      "local_rotation_matrices": [
        [
          [
            0.999848,
            -0.005922,
            0.016427
          ],
          [
            0.007559,
            0.99481,
            -0.101471
          ],
          [
            -0.015741,
            0.10158,
            0.994703
          ]
        ],
        [
          [
            0.993437,
            -0.111979,
            -0.0233
          ],
          [
            0.114301,
            0.979409,
            0.166415
          ],
          [
            0.004186,
            -0.167987,
            0.98578
          ]
        ],
        [
          [
            0.983568,
            0.172156,
            -0.054364
          ],
          [
            -0.160322,
            0.971352,
            0.175419
          ],
          [
            0.083006,
            -0.163821,
            0.982992
          ]
        ],
        [
          [
            0.999983,
            -0.001805,
            0.005565
          ],
          [
            0.000877,
            0.986731,
            0.162361
          ],
          [
            -0.005784,
            -0.162353,
            0.986716
          ]
        ],
        [
          [
            0.999239,
            0.036549,
            -0.013641
          ],
          [
            -0.036873,
            0.999024,
            -0.024306
          ],
          [
            0.012739,
            0.02479,
            0.999611
          ]
        ],
        [
          [
            0.996433,
            -0.083856,
            0.009463
          ],
          [
            0.083912,
            0.996457,
            -0.005738
          ],
          [
            -0.008948,
            0.006511,
            0.999939
          ]
        ],
        [
          [
            0.998276,
            0.032646,
            -0.048783
          ],
          [
            -0.038974,
            0.99008,
            -0.134993
          ],
          [
            0.043892,
            0.136662,
            0.989645
          ]
        ],
        [
          [
            0.998037,
            -0.062471,
            0.004324
          ],
          [
            0.062616,
            0.996381,
            -0.057486
          ],
          [
            -0.000717,
            0.057644,
            0.998337
          ]
        ],
        [
          [
            0.996284,
            0.003311,
            0.086067
          ],
          [
            0.003152,
            0.99719,
            -0.074844
          ],
          [
            -0.086073,
            0.074837,
            0.993474
          ]
        ],
        [
          [
            0.999965,
            0.002292,
            0.008044
          ],
          [
            -0.002912,
            0.996952,
            0.077968
          ],
          [
            -0.007841,
            -0.077989,
            0.996923
          ]
        ],
        [
          [
            0.997815,
            0.066003,
            -0.003095
          ],
          [
            -0.066074,
            0.997027,
            -0.039639
          ],
          [
            0.00047,
            0.039757,
            0.999209
          ]
        ],
        [
          [
            0.992594,
            -0.03823,
            -0.115309
          ],
          [
            0.034322,
            0.998773,
            -0.03569
          ],
          [
            0.116532,
            0.031468,
            0.992688
          ]
        ],
        [
          [
            0.998575,
            0.043882,
            -0.030355
          ],
          [
            -0.040466,
            0.993627,
            0.105206
          ],
          [
            0.034778,
            -0.103828,
            0.993987
          ]
        ],
        [
          [
            0.988222,
            0.095757,
            -0.119365
          ],
          [
            -0.049056,
            0.937091,
            0.34562
          ],
          [
            0.144952,
            -0.335694,
            0.930752
          ]
        ],
        [
          [
            0.984982,
            -0.126187,
            0.117847
          ],
          [
            0.085101,
            0.948689,
            0.304543
          ],
          [
            -0.150229,
            -0.28994,
            0.94518
          ]
        ],
        [
          [
            0.998178,
            -0.060004,
            0.006273
          ],
          [
            0.059629,
            0.997028,
            0.048772
          ],
          [
            -0.009181,
            -0.048309,
            0.99879
          ]
        ],
        [
          [
            0.194334,
            0.976615,
            0.091968
          ],
          [
            -0.500729,
            0.018143,
            0.865414
          ],
          [
            0.843507,
            -0.21423,
            0.492545
          ]
        ],
        [
          [
            0.132434,
            -0.971527,
            -0.196462
          ],
          [
            0.434467,
            -0.121255,
            0.892488
          ],
          [
            -0.890898,
            -0.203552,
            0.406038
          ]
        ],
        [
          [
            0.728118,
            0.386708,
            0.565952
          ],
          [
            -0.447708,
            0.893513,
            -0.034535
          ],
          [
            -0.51904,
            -0.228236,
            0.823715
          ]
        ],
        [
          [
            0.680059,
            -0.397492,
            -0.616053
          ],
          [
            0.473556,
            0.879624,
            -0.044797
          ],
          [
            0.559701,
            -0.26127,
            0.78643
          ]
        ],
        [
          [
            0.961687,
            -0.197117,
            -0.190532
          ],
          [
            -0.071698,
            0.489968,
            -0.868787
          ],
          [
            0.264607,
            0.849162,
            0.457063
          ]
        ],
        [
          [
            0.875436,
            -0.22909,
            0.425593
          ],
          [
            0.477292,
            0.54854,
            -0.686511
          ],
          [
            -0.076182,
            0.804128,
            0.589554
          ]
        ],
        [
          [
            1.0,
            0.0,
            0.0
          ],
          [
            0.0,
            1.0,
            0.0
          ],
          [
            0.0,
            0.0,
            1.0
          ]
        ],
        [
          [
            1.0,
            0.0,
            0.0
          ],
          [
            0.0,
            1.0,
            0.0
          ],
          [
            0.0,
            0.0,
            1.0
          ]
        ]
      ]
    },
    {
      "time_sec": 0.42381,
      "root_offset": [
        -0.001611,
        0.003304,
        -0.000229
      ],
      "local_rotation_matrices": [
        [
          [
            0.999872,
            -0.001594,
            0.015901
          ],
          [
            0.003182,
            0.994949,
            -0.100329
          ],
          [
            -0.015661,
            0.100367,
            0.994827
          ]
        ],
        [
          [
            0.993136,
            -0.114628,
            -0.023252
          ],
          [
            0.116913,
            0.978705,
            0.168724
          ],
          [
            0.003416,
            -0.170284,
            0.985389
          ]
        ],
        [
          [
            0.982777,
            0.17632,
            -0.055317
          ],
          [
            -0.164225,
            0.970589,
            0.176035
          ],
          [
            0.084729,
            -0.163918,
            0.982828
          ]
        ],
        [
          [
            0.999983,
            -0.001048,
            0.005787
          ],
          [
            7.9e-05,
            0.98632,
            0.164843
          ],
          [
            -0.00588,
            -0.16484,
            0.986303
          ]
        ],
        [
          [
            0.999209,
            0.037295,
            -0.013795
          ],
          [
            -0.037652,
            0.998937,
            -0.026584
          ],
          [
            0.012789,
            0.027082,
            0.999551
          ]
        ],
        [
          [
            0.996431,
            -0.083869,
            0.009562
          ],
          [
            0.08392,
            0.996459,
            -0.005129
          ],
          [
            -0.009098,
            0.005913,
            0.999941
          ]
        ],
        [
          [
            0.998231,
            0.033205,
            -0.049315
          ],
          [
            -0.039569,
            0.990158,
            -0.134245
          ],
          [
            0.044372,
            0.135959,
            0.98972
          ]
        ],
        [
          [
            0.998068,
            -0.061929,
            0.004944
          ],
          [
            0.062111,
            0.996412,
            -0.057491
          ],
          [
            -0.001366,
            0.057687,
            0.998334
          ]
        ],
        [
          [
            0.996001,
            -0.004612,
            0.089217
          ],
          [
            0.011524,
            0.996956,
            -0.077109
          ],
          [
            -0.08859,
            0.077829,
            0.993023
          ]
        ],
        [
          [
            0.999951,
            0.002594,
            0.00954
          ],
          [
            -0.003293,
            0.99725,
            0.07404
          ],
          [
            -0.009322,
            -0.074067,
            0.99721
          ]
        ],
        [
          [
            0.997852,
            0.065125,
            -0.007112
          ],
          [
            -0.065357,
