{
  "format": "gf5_keyframed_motion",
  "version": 1,
  "name": "Clap twice",
  "profile_name": "course_body_24",
  "joint_order": [
    "pelvis",
    "left_hip",
    "right_hip",
    "spine1",
    "left_knee",
    "right_knee",
    "spine2",
    "left_ankle",
    "right_ankle",
    "spine3",
    "left_foot",
    "right_foot",
    "neck",
    "left_collar",
    "right_collar",
    "head",
    "left_shoulder",
    "right_shoulder",
    "left_elbow",
    "right_elbow",
    "left_wrist",
    "right_wrist",
    "left_hand",
    "right_hand"
  ],
  "coordinate_convention": {
    "name": "gf5_viewer_body",
    "up_axis": [
      0.0,
      0.0,
      1.0
    ],
    "forward_axis": [
      0.0,
      1.0,
      0.0
    ],
    "anatomical_right_axis": [
      1.0,
      0.0,
      0.0
    ],
    "native_smpl_to_viewer": "viewer=(-native_x, native_z, native_y)"
  },
  "duration_sec": 2.966667,
  "exported_at": "2026-05-13T23:48:15",
  "source_asset_name": null,
  "source_motion": {
    "format": "amass_npz",
    "path": "staff_tools/motion_fallback/packs/hy_motion_palette/clips/clap_twice_01.npz",
    "frame_rate": 30.0,
    "frame_count": 90,
    "pose_source": "poses",
    "translation_source": "trans",
    "start_sec": 0.0,
    "end_sec": 2.966667,
    "sample_fps": 12.0,
    "manifest": "staff_tools/motion_fallback/packs/hy_motion_palette/manifest.json"
  },
  "keyframes": [
    {
      "time_sec": 0.0,
      "root_offset": [
        0.0,
        0.0,
        0.0
      ],
      "local_rotation_matrices": [
        [
          [
            0.999503,
            -0.031523,
            -0.000408
          ],
          [
            0.031523,
            0.999141,
            0.026902
          ],
          [
            -0.00044,
            -0.026902,
            0.999638
          ]
        ],
        [
          [
            0.999338,
            0.012013,
            0.034349
          ],
          [
            -0.011892,
            0.999922,
            -0.003735
          ],
          [
            -0.034391,
            0.003324,
            0.999403
          ]
        ],
        [
          [
            0.993957,
            0.105557,
            -0.03011
          ],
          [
            -0.105542,
            0.994413,
            0.002086
          ],
          [
            0.030162,
            0.001105,
            0.999544
          ]
        ],
        [
          [
            0.999765,
            0.00047,
            0.021677
          ],
          [
            -0.001361,
            0.999154,
            0.041097
          ],
          [
            -0.021639,
            -0.041117,
            0.99892
          ]
        ],
        [
          [
            0.999192,
            0.039308,
            -0.008353
          ],
          [
            -0.039544,
            0.998759,
            -0.030271
          ],
          [
            0.007153,
            0.030577,
            0.999507
          ]
        ],
        [
          [
            0.997833,
            -0.065205,
            0.008772
          ],
          [
            0.064858,
            0.997268,
            0.035346
          ],
          [
            -0.011053,
            -0.0347,
            0.999337
          ]
        ],
        [
          [
            0.998816,
            0.03584,
            -0.032897
          ],
          [
            -0.039302,
            0.99299,
            -0.111477
          ],
          [
            0.028671,
            0.112638,
            0.993222
          ]
        ],
        [
          [
            0.998108,
            -0.038849,
            -0.047659
          ],
          [
            0.037422,
            0.998834,
            -0.030495
          ],
          [
            0.048788,
            0.028654,
            0.998398
          ]
        ],
        [
          [
            0.997942,
            0.060873,
            0.020152
          ],
          [
            -0.059811,
            0.996974,
            -0.049653
          ],
          [
            -0.023113,
            0.048346,
            0.998563
          ]
        ],
        [
          [
            0.999882,
            0.002347,
            0.015214
          ],
          [
            -0.003183,
            0.998471,
            0.055189
          ],
          [
            -0.015061,
            -0.055231,
            0.99836
          ]
        ],
        [
          [
            0.997868,
            0.052059,
            0.039361
          ],
          [
            -0.051246,
            0.998457,
            -0.021402
          ],
          [
            -0.040415,
            0.019339,
            0.998996
          ]
        ],
        [
          [
            0.998146,
            -0.024919,
            -0.055529
          ],
          [
            0.02285,
            0.999032,
            -0.03758
          ],
          [
            0.056412,
            0.036242,
            0.99775
          ]
        ],
        [
          [
            0.999343,
            0.035824,
            -0.005489
          ],
          [
            -0.034759,
            0.990268,
            0.134767
          ],
          [
            0.010263,
            -0.134487,
            0.990862
          ]
        ],
        [
          [
            0.958413,
            -0.014595,
            -0.28501
          ],
          [
            0.042303,
            0.994924,
            0.091305
          ],
          [
            0.282231,
            -0.099565,
            0.954166
          ]
        ],
        [
          [
            0.94104,
            -0.00609,
            0.33824
          ],
          [
            -0.020812,
            0.996902,
            0.075852
          ],
          [
            -0.337654,
            -0.078419,
            0.937998
          ]
        ],
        [
          [
            0.999446,
            -0.032864,
            -0.005318
          ],
          [
            0.032118,
            0.993877,
            -0.105724
          ],
          [
            0.00876,
            0.105494,
            0.994381
          ]
        ],
        [
          [
            0.40205,
            0.905242,
            -0.137452
          ],
          [
            -0.21555,
            0.239477,
            0.946673
          ],
          [
            0.889884,
            -0.350982,
            0.291407
          ]
        ],
        [
          [
            0.361338,
            -0.915745,
            0.175632
          ],
          [
            0.221375,
            0.267224,
            0.937862
          ],
          [
            -0.905775,
            -0.300005,
            0.299281
          ]
        ],
        [
          [
            0.963334,
            0.119189,
            0.240378
          ],
          [
            -0.143603,
            0.985831,
            0.086686
          ],
          [
            -0.226641,
            -0.118026,
            0.966801
          ]
        ],
        [
          [
            0.978079,
            -0.025513,
            -0.206666
          ],
          [
            0.056397,
            0.987829,
            0.14496
          ],
          [
            0.200452,
            -0.153437,
            0.967614
          ]
        ],
        [
          [
            0.996734,
            -0.072004,
            0.036571
          ],
          [
            0.077727,
            0.732388,
            -0.676437
          ],
          [
            0.021922,
            0.67707,
            0.735592
          ]
        ],
        [
          [
            0.999844,
            0.016907,
            0.005043
          ],
          [
            -0.011508,
            0.841618,
            -0.539951
          ],
          [
            -0.013373,
            0.539809,
            0.841682
          ]
        ],
        [
          [
            1.0,
            0.0,
            0.0
          ],
          [
            0.0,
            1.0,
            0.0
          ],
          [
            0.0,
            0.0,
            1.0
          ]
        ],
        [
          [
            1.0,
            0.0,
            0.0
          ],
          [
            0.0,
            1.0,
            0.0
          ],
          [
            0.0,
            0.0,
            1.0
          ]
        ]
      ]
    },
    {
      "time_sec": 0.084762,
      "root_offset": [
        0.004437,
        0.008573,
        -0.00145
      ],
      "local_rotation_matrices": [
        [
          [
            0.999425,
            -0.033656,
            0.004201
          ],
          [
            0.033559,
            0.99921,
            0.021295
          ],
          [
            -0.004915,
            -0.021142,
            0.999764
          ]
        ],
        [
          [
            0.999537,
            -0.017003,
            0.025238
          ],
          [
            0.016703,
            0.999788,
            0.012058
          ],
          [
            -0.025437,
            -0.011631,
            0.999609
          ]
        ],
        [
          [
            0.992981,
            0.111198,
            -0.040297
          ],
          [
            -0.111056,
            0.993798,
            0.005751
          ],
          [
            0.040687,
            -0.001235,
            0.999171
          ]
        ],
        [
          [
            0.999896,
            0.005336,
            0.013427
          ],
          [
            -0.006294,
            0.997357,
            0.072385
          ],
          [
            -0.013005,
            -0.072461,
            0.997286
          ]
        ],
        [
          [
            0.999104,
            0.0414,
            -0.008799
          ],
          [
            -0.041628,
            0.998754,
            -0.027509
          ],
          [
            0.007649,
            0.027851,
            0.999583
          ]
        ],
        [
          [
            0.997566,
            -0.069326,
            0.00749
          ],
          [
            0.068635,
            0.995187,
            0.069943
          ],
          [
            -0.012303,
            -0.069259,
            0.997523
          ]
        ],
        [
          [
            0.999415,
            0.02958,
            -0.017181
          ],
          [
            -0.031751,
            0.989052,
            -0.144114
          ],
          [
            0.01273,
            0.144575,
            0.989412
          ]
        ],
        [
          [
            0.998505,
            -0.012016,
            -0.053327
          ],
          [
            0.009477,
            0.998821,
            -0.047618
          ],
          [
            0.053836,
            0.047042,
            0.997441
          ]
        ],
        [
          [
            0.997438,
            0.06548,
            0.028802
          ],
          [
            -0.063196,
            0.995246,
            -0.0741
          ],
          [
            -0.033517,
            0.07209,
            0.996835
          ]
        ],
        [
          [
            0.99994,
            0.007258,
            0.008224
          ],
          [
            -0.008197,
            0.992659,
            0.120669
          ],
          [
            -0.007288,
            -0.120729,
            0.992659
          ]
        ],
        [
          [
            0.997101,
            0.055151,
            0.052418
          ],
          [
            -0.053886,
            0.998228,
            -0.025261
          ],
          [
            -0.053718,
            0.022363,
            0.998306
          ]
        ],
        [
          [
            0.998152,
            -0.028253,
            -0.053795
          ],
          [
            0.025482,
            0.998347,
            -0.051514
          ],
          [
            0.055162,
            0.050048,
            0.997222
          ]
        ],
        [
          [
            0.998599,
            0.036072,
            -0.038722
          ],
          [
            -0.028789,
            0.984247,
            0.174442
          ],
          [
            0.044404,
            -0.173082,
            0.983906
          ]
        ],
        [
          [
            0.964446,
            -0.030938,
            -0.262461
          ],
          [
            0.047129,
            0.997339,
            0.055617
          ],
          [
            0.260042,
            -0.066009,
            0.963338
          ]
        ],
        [
          [
            0.93416,
            0.005781,
            0.356806
          ],
          [
            -0.034271,
            0.996701,
            0.073577
          ],
          [
            -0.355204,
            -0.080961,
            0.931276
          ]
        ],
        [
          [
            0.999753,
            -0.012475,
            0.018407
          ],
          [
            0.014313,
            0.994537,
            -0.103399
          ],
          [
            -0.017017,
            0.103637,
            0.99447
          ]
        ],
        [
          [
            0.372349,
            0.921551,
            -0.109996
          ],
          [
            -0.325912,
            0.240804,
            0.914218
          ],
          [
            0.868987,
            -0.304559,
            0.390008
          ]
        ],
        [
          [
            0.395692,
            -0.912855,
            0.100621
          ],
          [
            0.350599,
            0.251413,
            0.902148
          ],
          [
            -0.848828,
            -0.321695,
            0.419528
          ]
        ],
        [
          [
            0.97758,
            0.067557,
            0.199433
          ],
          [
            -0.095203,
            0.986606,
            0.132455
          ],
          [
            -0.187813,
            -0.148472,
            0.970918
          ]
        ],
        [
          [
            0.973466,
            -0.081534,
            -0.213815
          ],
          [
            0.112827,
            0.983917,
            0.138485
          ],
          [
            0.199085,
            -0.158935,
            0.967008
          ]
        ],
        [
          [
            0.991737,
            -0.082678,
            0.098091
          ],
          [
            0.128143,
            0.602304,
            -0.787914
          ],
          [
            0.006062,
            0.793974,
            0.607922
          ]
        ],
        [
          [
            0.994031,
            0.084943,
            0.068466
          ],
          [
            -0.018552,
            0.750014,
            -0.661161
          ],
          [
            -0.107511,
            0.655945,
            0.747113
          ]
        ],
        [
          [
            1.0,
            0.0,
            0.0
          ],
          [
            0.0,
            1.0,
            0.0
          ],
          [
            0.0,
            0.0,
            1.0
          ]
        ],
        [
          [
            1.0,
            0.0,
            0.0
          ],
          [
            0.0,
            1.0,
            0.0
          ],
          [
            0.0,
            0.0,
            1.0
          ]
        ]
      ]
    },
    {
      "time_sec": 0.169524,
      "root_offset": [
        0.003591,
        0.01323,
        -0.000954
      ],
      "local_rotation_matrices": [
        [
          [
            0.999553,
            -0.029585,
            0.004203
          ],
          [
            0.029563,
            0.999549,
            0.005267
          ],
          [
            -0.004357,
            -0.005141,
            0.999977
          ]
        ],
        [
          [
            0.99934,
            -0.021979,
            0.028912
          ],
          [
            0.020876,
            0.999063,
            0.037901
          ],
          [
            -0.029718,
            -0.037272,
            0.998863
          ]
        ],
        [
          [
            0.994299,
            0.100693,
            -0.03509
          ],
          [
            -0.099476,
            0.994429,
            0.034852
          ],
          [
            0.038404,
            -0.031163,
            0.998776
          ]
        ],
        [
          [
            0.99991,
            0.003337,
            0.012995
          ],
          [
            -0.004195,
            0.997771,
            0.066597
          ],
          [
            -0.012744,
            -0.066646,
            0.997695
          ]
        ],
        [
          [
            0.999598,
            0.026791,
            -0.009328
          ],
          [
            -0.027119,
            0.998947,
            -0.036997
          ],
          [
            0.008326,
            0.037235,
            0.999272
          ]
        ],
        [
          [
            0.998015,
            -0.062726,
            0.0057
          ],
          [
            0.06232,
            0.996544,
            0.054926
          ],
          [
            -0.009125,
            -0.054462,
            0.998474
          ]
        ],
        [
          [
            0.99916,
            0.034527,
            -0.022082
          ],
          [
            -0.037137,
            0.990628,
            -0.131445
          ],
          [
            0.017336,
            0.132154,
            0.991078
          ]
        ],
        [
          [
            0.998336,
            0.004705,
            -0.057475
          ],
          [
            -0.00754,
            0.99876,
            -0.049207
          ],
          [
            0.057172,
            0.049559,
            0.997133
          ]
        ],
        [
          [
            0.997572,
            0.066198,
            0.021653
          ],
          [
            -0.064454,
            0.995235,
            -0.073166
          ],
          [
            -0.026394,
            0.071593,
            0.997085
          ]
        ],
        [
          [
            0.999918,
            0.003598,
            0.012264
          ],
          [
            -0.005526,
            0.98693,
            0.161056
          ],
          [
            -0.011524,
            -0.161111,
            0.986869
          ]
        ],
        [
          [
            0.99665,
            0.050522,
            0.064316
          ],
          [
            -0.049082,
            0.998512,
            -0.023776
          ],
          [
            -0.065422,
            0.02054,
            0.997646
          ]
        ],
        [
          [
            0.997944,
            -0.028496,
            -0.057404
          ],
          [
            0.025255,
            0.998088,
            -0.056409
          ],
          [
            0.058901,
            0.054843,
            0.996756
          ]
        ],
        [
          [
            0.999303,
            0.036858,
            -0.005922
          ],
          [
            -0.034528,
            0.972869,
            0.228767
          ],
          [
            0.014193,
            -0.228403,
            0.973463
          ]
        ],
        [
          [
            0.979361,
            -0.088497,
            -0.181717
          ],
          [
            0.094041,
            0.995323,
            0.022104
          ],
          [
            0.178911,
            -0.038737,
            0.983102
          ]
        ],
        [
          [
            0.955596,
            0.070599,
            0.286097
          ],
          [
            -0.083201,
            0.996015,
            0.032118
          ],
          [
            -0.28269,
            -0.054496,
            0.957662
          ]
        ],
        [
          [
            0.998933,
            -0.045213,
            -0.009403
          ],
          [
            0.043751,
            0.991729,
            -0.120662
          ],
          [
            0.01478,
            0.120122,
            0.992649
          ]
        ],
        [
          [
            0.453351,
            0.889604,
            0.055473
          ],
          [
            -0.310168,
            0.099106,
            0.945502
          ],
          [
            0.835625,
            -0.44585,
            0.320856
          ]
        ],
        [
          [
            0.501489,
            -0.858103,
            -0.110306
          ],
          [
            0.388565,
            0.109478,
            0.914895
          ],
          [
            -0.772998,
            -0.501671,
            0.388331
          ]
        ],
        [
          [
            0.800564,
            0.36819,
            0.472793
          ],
          [
            -0.416606,
            0.909084,
            -0.002529
          ],
          [
            -0.430739,
            -0.194943,
            0.88117
          ]
        ],
        [
          [
            0.808762,
            -0.368161,
            -0.458652
          ],
          [
            0.422052,
            0.906419,
            0.016638
          ],
          [
            0.409606,
            -0.207031,
            0.88846
          ]
        ],
        [
          [
            0.973218,
            -0.2222,
            -0.058946
          ],
          [
            0.043548,
            0.429968,
            -0.901793
          ],
          [
            0.225723,
            0.875074,
            0.428129
          ]
        ],
        [
          [
            0.920765,
            0.220739,
            0.321663
          ],
          [
            -0.009929,
            0.837519,
            -0.546319
          ],
          [
            -0.389992,
            0.499837,
            0.773349
          ]
        ],
        [
          [
            1.0,
            0.0,
            0.0
          ],
          [
            0.0,
            1.0,
            0.0
          ],
          [
            0.0,
            0.0,
            1.0
          ]
        ],
        [
          [
            1.0,
            0.0,
            0.0
          ],
          [
            0.0,
            1.0,
            0.0
          ],
          [
            0.0,
            0.0,
            1.0
          ]
        ]
      ]
    },
    {
      "time_sec": 0.254286,
      "root_offset": [
        0.004321,
        0.014312,
        -0.000372
      ],
      "local_rotation_matrices": [
        [
          [
            0.99962,
            -0.026225,
            0.008462
          ],
          [
            0.026369,
            0.999502,
            -0.01736
          ],
          [
            -0.008002,
            0.017577,
            0.999813
          ]
        ],
        [
          [
            0.999333,
            -0.016277,
            0.032677
          ],
          [
            0.013988,
            0.997513,
            0.069083
          ],
          [
            -0.03372,
            -0.06858,
            0.997076
          ]
        ],
        [
          [
            0.994598,
            0.098269,
            -0.033438
          ],
          [
            -0.095689,
            0.992837,
            0.071541
          ],
          [
            0.040229,
            -0.067955,
            0.996877
          ]
        ],
        [
          [
            0.999909,
            0.000294,
            0.013502
          ],
          [
            -0.000967,
            0.998758,
            0.049823
          ],
          [
            -0.013471,
            -0.049831,
            0.998667
          ]
        ],
        [
          [
            0.999956,
            0.002535,
            -0.009007
          ],
          [
            -0.002962,
            0.998854,
            -0.047763
          ],
          [
            0.008875,
            0.047787,
            0.998818
          ]
        ],
        [
          [
            0.998923,
            -0.046282,
            0.003408
          ],
          [
            0.046146,
            0.998396,
            0.032789
          ],
          [
            -0.00492,
            -0.032596,
            0.999456
          ]
        ],
        [
          [
            0.998912,
            0.037925,
            -0.027126
          ],
          [
            -0.04049,
            0.994034,
            -0.101278
          ],
          [
            0.023123,
            0.102266,
            0.994488
          ]
        ],
        [
          [
            0.997781,
            0.024806,
            -0.061786
          ],
          [
            -0.027859,
            0.998408,
            -0.049052
          ],
          [
            0.06047,
            0.050664,
            0.996883
          ]
        ],
        [
          [
            0.998281,
            0.057444,
            0.011641
          ],
          [
            -0.056472,
            0.995851,
            -0.071357
          ],
          [
            -0.015692,
            0.070577,
            0.997383
          ]
        ],
        [
          [
            0.999869,
            0.003759,
            0.015762
          ],
          [
            -0.006256,
            0.986855,
            0.161488
          ],
          [
            -0.014948,
            -0.161565,
            0.986749
          ]
        ],
        [
          [
            0.996976,
            0.037998,
            0.067789
          ],
          [
            -0.037095,
            0.999206,
            -0.014537
          ],
          [
            -0.068287,
            0.011979,
            0.997594
          ]
        ],
        [
          [
            0.997742,
            -0.02628,
            -0.061811
          ],
          [
            0.023525,
            0.998715,
            -0.044891
          ],
          [
            0.062912,
            0.043336,
            0.997078
          ]
        ],
        [
          [
            0.999232,
            0.03907,
            -0.003062
          ],
          [
            -0.037139,
            0.968975,
            0.244354
          ],
          [
            0.012514,
            -0.244053,
            0.969681
          ]
        ],
        [
          [
            0.980495,
            -0.165338,
            -0.106271
          ],
          [
            0.170684,
            0.984374,
            0.043288
          ],
          [
            0.097453,
            -0.060582,
            0.993395
          ]
        ],
        [
          [
            0.967684,
            0.14432,
            0.206782
          ],
          [
            -0.148555,
            0.988891,
            0.005017
          ],
          [
            -0.203761,
            -0.035573,
            0.978374
          ]
        ],
        [
          [
            0.996749,
            -0.077144,
            -0.023263
          ],
          [
            0.074222,
            0.991427,
            -0.107534
          ],
          [
            0.031359,
            0.105457,
            0.993929
          ]
        ],
        [
          [
            0.531379,
            0.84698,
            -0.016138
          ],
          [
            -0.33549,
            0.227896,
            0.914062
          ],
          [
            0.777871,
            -0.480299,
            0.405253
          ]
        ],
        [
          [
            0.6255,
            -0.764137,
            -0.157621
          ],
          [
            0.461626,
            0.199585,
            0.86433
          ],
          [
            -0.629007,
            -0.613401,
            0.477586
          ]
        ],
        [
          [
            0.097502,
            0.646594,
            0.756577
          ],
          [
            -0.704843,
            0.58156,
            -0.406183
          ],
          [
            -0.702631,
            -0.493664,
            0.512451
          ]
        ],
        [
          [
            0.084916,
            -0.657554,
            -0.748607
          ],
          [
            0.758848,
            0.529571,
            -0.379082
          ],
          [
            0.645708,
            -0.535889,
            0.543953
          ]
        ],
        [
          [
            0.976478,
            -0.211768,
            -0.04057
          ],
          [
            -0.036502,
            0.023084,
            -0.999067
          ],
          [
            0.212507,
            0.977047,
            0.014811
          ]
        ],
        [
          [
            0.828049,
            0.093137,
            0.552865
          ],
          [
            0.222244,
            0.850793,
            -0.476192
          ],
          [
            -0.514725,
            0.517182,
            0.683799
          ]
        ],
        [
          [
            1.0,
            0.0,
            0.0
          ],
          [
            0.0,
            1.0,
            0.0
          ],
          [
            0.0,
            0.0,
            1.0
          ]
        ],
        [
          [
            1.0,
            0.0,
            0.0
          ],
          [
            0.0,
            1.0,
            0.0
          ],
          [
            0.0,
            0.0,
            1.0
          ]
        ]
      ]
    },
    {
      "time_sec": 0.339048,
      "root_offset": [
        0.005566,
        0.010978,
        -0.002567
      ],
      "local_rotation_matrices": [
        [
          [
            0.999737,
            -0.021897,
            0.006859
          ],
          [
            0.022053,
            0.999476,
            -0.023695
          ],
          [
            -0.006337,
            0.02384,
            0.999696
          ]
        ],
        [
          [
            0.998923,
            -0.025203,
            0.038953
          ],
          [
            0.022477,
            0.997371,
            0.068889
          ],
          [
            -0.040587,
            -0.067939,
            0.996864
          ]
        ],
        [
          [
            0.994917,
            0.096917,
            -0.027346
          ],
          [
            -0.094295,
            0.991927,
            0.084793
          ],
          [
            0.035343,
            -0.081784,
            0.996023
          ]
        ],
        [
          [
            0.999782,
            -0.00908,
            0.018801
          ],
          [
            0.007988,
            0.998321,
            0.057372
          ],
          [
            -0.01929,
            -0.057209,
            0.998176
          ]
        ],
        [
          [
            0.999957,
            -3.1e-05,
            -0.00927
          ],
          [
            -0.000345,
            0.99918,
            -0.040478
          ],
          [
            0.009263,
            0.040479,
            0.999137
          ]
        ],
        [
          [
            0.999124,
            -0.041829,
            0.001084
          ],
          [
            0.04181,
            0.999031,
            0.013737
          ],
          [
            -0.001658,
            -0.013679,
            0.999905
          ]
        ],
        [
          [
            0.999152,
            0.032803,
            -0.024885
          ],
          [
            -0.034913,
            0.995356,
            -0.089708
          ],
          [
            0.021827,
            0.090501,
            0.995657
          ]
        ],
        [
          [
            0.997643,
            0.037574,
            -0.057424
          ],
          [
            -0.04064,
            0.997757,
            -0.053196
          ],
          [
            0.055297,
            0.055405,
            0.996932
          ]
        ],
        [
          [
            0.998533,
            0.053198,
            0.010122
          ],
          [
            -0.052301,
            0.995858,
            -0.074375
          ],
          [
            -0.014037,
            0.073736,
            0.997179
          ]
        ],
        [
          [
            0.999951,
            0.000973,
            0.009821
          ],
          [
            -0.002001,
            0.994452,
            0.105172
          ],
          [
            -0.009664,
            -0.105186,
            0.994406
          ]
        ],
        [
          [
            0.99838,
            0.034586,
            0.045186
          ],
          [
            -0.033887,
            0.999295,
            -0.016131
          ],
          [
            -0.045712,
            0.014574,
            0.998848
          ]
        ],
        [
          [
            0.997455,
            -0.019381,
            -0.06861
          ],
          [
            0.017664,
            0.999518,
            -0.025544
          ],
          [
            0.069072,
            0.024267,
            0.997316
          ]
        ],
        [
          [
            0.999217,
            0.032615,
            -0.022401
          ],
          [
            -0.027329,
            0.978313,
            0.205322
          ],
          [
            0.028612,
            -0.204549,
            0.978438
          ]
        ],
        [
          [
            0.964796,
            -0.119842,
            -0.234109
          ],
          [
            0.141472,
            0.986877,
            0.077838
          ],
          [
            0.221709,
            -0.108218,
            0.969089
          ]
        ],
        [
          [
            0.952706,
            0.092656,
            0.289424
          ],
          [
            -0.109855,
            0.992986,
            0.043719
          ],
          [
            -0.283343,
            -0.073446,
            0.956202
          ]
        ],
        [
          [
            0.998182,
            -0.056704,
            -0.020434
          ],
          [
            0.055929,
            0.997761,
            -0.03666
          ],
          [
            0.022467,
            0.035451,
            0.999119
          ]
        ],
        [
          [
            0.483706,
            0.848517,
            -0.214588
          ],
          [
            -0.5006,
            0.469333,
            0.727411
          ],
          [
            0.717933,
            -0.24443,
            0.651786
          ]
        ],
        [
          [
            0.547841,
            -0.834641,
            0.056956
          ],
          [
            0.575065,
            0.425158,
            0.698957
          ],
          [
            -0.607593,
            -0.350164,
            0.712893
          ]
        ],
        [
          [
            -0.123167,
            0.63048,
            0.766371
          ],
          [
            -0.723792,
            0.471261,
            -0.504022
          ],
          [
            -0.678937,
            -0.616772,
            0.398293
          ]
        ],
        [
          [
            -0.148498,
            -0.625483,
            -0.765976
          ],
          [
            0.764384,
            0.418832,
            -0.490201
          ],
          [
            0.627427,
            -0.658294,
            0.415914
          ]
        ],
        [
          [
            0.973429,
            0.067564,
            0.218795
          ],
          [
            0.223751,
            -0.077456,
            -0.971564
          ],
          [
            -0.048696,
            0.994704,
            -0.090515
          ]
        ],
        [
          [
            0.977811,
            -0.15203,
            0.14413
          ],
          [
            0.192448,
            0.923694,
            -0.33129
          ],
          [
            -0.082766,
            0.351677,
            0.932456
          ]
        ],
        [
          [
            1.0,
            0.0,
            0.0
          ],
          [
            0.0,
            1.0,
            0.0
          ],
          [
            0.0,
            0.0,
            1.0
          ]
        ],
        [
          [
            1.0,
            0.0,
            0.0
          ],
          [
            0.0,
            1.0,
            0.0
          ],
          [
            0.0,
            0.0,
            1.0
          ]
        ]
      ]
    },
    {
      "time_sec": 0.42381,
      "root_offset": [
        0.005921,
        0.01159,
        -0.00343
      ],
      "local_rotation_matrices": [
        [
          [
            0.999802,
            -0.019774,
            -0.002017
          ],
          [
            0.019746,
            0.999716,
            -0.013329
          ],
          [
            0.00228,
            0.013287,
            0.999909
          ]
        ],
        [
          [
            0.99834,
            -0.02215,
            0.053171
          ],
          [
            0.019265,
            0.998345,
            0.054186
          ],
          [
            -0.054283,
            -0.053072,
            0.997114
          ]
        ],
        [
          [
            0.995959,
            0.08847,
            -0.015419
          ],
          [
            -0.087072,
            0.993347,
            0.075368
          ],
          [
            0.021985,
            -0.073721,
            0.997037
          ]
        ],
        [
          [
            0.999534,
            -0.012995,
            0.02763
          ],
          [
            0.011972,
            0.999249,
            0.036865
          ],
          [
            -0.028089,
            -0.036517,
            0.998938
          ]
        ],
        [
          [
            0.999903,
            -0.008715,
            -0.010902
          ],
          [
            0.008326,
            0.999343,
            -0.03526
          ],
          [
            0.011202,
            0.035166,
            0.999319
          ]
        ],
        [
          [
            0.999643,
            -0.026684,
            -0.000973
          ],
          [
            0.026693,
            0.999591,
            0.010256
          ],
          [
            0.000698,
            -0.010279,
            0.999947
          ]
        ],
        [
          [
            0.999253,
            0.031068,
            -0.022966
          ],
          [
            -0.032519,
            0.997304,
            -0.065776
          ],
          [
            0.02086,
            0.066473,
            0.99757
          ]
        ],
        [
          [
            0.998086,
            0.040413,
            -0.046808
          ],
          [
            -0.042722,
            0.997864,
            -0.049414
          ],
          [
            0.044711,
            0.051319,
            0.997681
          ]
        ],
        [
          [
            0.998995,
            0.043824,
            0.009417
          ],
          [
            -0.042959,
            0.996031,
            -0.077952
          ],
          [
            -0.012796,
            0.077469,
            0.996913
          ]
        ],
        [
          [
            0.999971,
            0.000753,
            0.007566
          ],
          [
            -0.001008,
            0.999428,
            0.033807
          ],
          [
            -0.007536,
            -0.033814,
            0.9994
          ]
        ],
        [
          [
            0.998769,
            0.040966,
            0.02798
          ],
          [
