{
  "format": "gf5_keyframed_motion",
  "version": 1,
  "name": "Idle stand",
  "profile_name": "course_body_24",
  "joint_order": [
    "pelvis",
    "left_hip",
    "right_hip",
    "spine1",
    "left_knee",
    "right_knee",
    "spine2",
    "left_ankle",
    "right_ankle",
    "spine3",
    "left_foot",
    "right_foot",
    "neck",
    "left_collar",
    "right_collar",
    "head",
    "left_shoulder",
    "right_shoulder",
    "left_elbow",
    "right_elbow",
    "left_wrist",
    "right_wrist",
    "left_hand",
    "right_hand"
  ],
  "coordinate_convention": {
    "name": "gf5_viewer_body",
    "up_axis": [
      0.0,
      0.0,
      1.0
    ],
    "forward_axis": [
      0.0,
      1.0,
      0.0
    ],
    "anatomical_right_axis": [
      1.0,
      0.0,
      0.0
    ],
    "native_smpl_to_viewer": "viewer=(-native_x, native_z, native_y)"
  },
  "duration_sec": 2.966667,
  "exported_at": "2026-05-13T23:48:14",
  "source_asset_name": null,
  "source_motion": {
    "format": "amass_npz",
    "path": "staff_tools/motion_fallback/packs/hy_motion_palette/clips/idle_stand_01.npz",
    "frame_rate": 30.0,
    "frame_count": 90,
    "pose_source": "poses",
    "translation_source": "trans",
    "start_sec": 0.0,
    "end_sec": 2.966667,
    "sample_fps": 12.0,
    "manifest": "staff_tools/motion_fallback/packs/hy_motion_palette/manifest.json"
  },
  "keyframes": [
    {
      "time_sec": 0.0,
      "root_offset": [
        0.0,
        0.0,
        0.0
      ],
      "local_rotation_matrices": [
        [
          [
            0.999623,
            0.026886,
            0.005506
          ],
          [
            -0.026864,
            0.999631,
            -0.004035
          ],
          [
            -0.005612,
            0.003885,
            0.999977
          ]
        ],
        [
          [
            0.998723,
            -0.040894,
            0.029661
          ],
          [
            0.040142,
            0.998868,
            0.025519
          ],
          [
            -0.030671,
            -0.024295,
            0.999234
          ]
        ],
        [
          [
            0.99803,
            -0.002185,
            -0.062708
          ],
          [
            0.002158,
            0.999998,
            -0.000494
          ],
          [
            0.062709,
            0.000357,
            0.998032
          ]
        ],
        [
          [
            0.999625,
            0.008791,
            -0.025932
          ],
          [
            -0.00806,
            0.999571,
            0.028152
          ],
          [
            0.026168,
            -0.027933,
            0.999267
          ]
        ],
        [
          [
            0.998933,
            0.044984,
            -0.010426
          ],
          [
            -0.044889,
            0.998949,
            0.009229
          ],
          [
            0.01083,
            -0.008752,
            0.999903
          ]
        ],
        [
          [
            0.999574,
            -0.024357,
            0.01611
          ],
          [
            0.024135,
            0.999613,
            0.013828
          ],
          [
            -0.01644,
            -0.013433,
            0.999775
          ]
        ],
        [
          [
            0.998794,
            -0.038278,
            0.030736
          ],
          [
            0.040704,
            0.995749,
            -0.08263
          ],
          [
            -0.027442,
            0.083781,
            0.996106
          ]
        ],
        [
          [
            0.999296,
            -0.014414,
            -0.034641
          ],
          [
            0.012938,
            0.999014,
            -0.042459
          ],
          [
            0.035219,
            0.041981,
            0.998497
          ]
        ],
        [
          [
            0.998393,
            0.019782,
            0.053105
          ],
          [
            -0.01819,
            0.999375,
            -0.0303
          ],
          [
            -0.053672,
            0.029285,
            0.998129
          ]
        ],
        [
          [
            0.99999,
            0.002673,
            -0.003466
          ],
          [
            -0.002617,
            0.99987,
            0.015902
          ],
          [
            0.003508,
            -0.015893,
            0.999868
          ]
        ],
        [
          [
            0.998691,
            0.01925,
            0.047383
          ],
          [
            -0.017704,
            0.999304,
            -0.03284
          ],
          [
            -0.047982,
            0.031958,
            0.998337
          ]
        ],
        [
          [
            0.998808,
            -0.035581,
            -0.03341
          ],
          [
            0.034895,
            0.999173,
            -0.020892
          ],
          [
            0.034126,
            0.019702,
            0.999223
          ]
        ],
        [
          [
            0.99941,
            -0.028242,
            0.019541
          ],
          [
            0.026873,
            0.997386,
            0.06707
          ],
          [
            -0.021384,
            -0.066505,
            0.997557
          ]
        ],
        [
          [
            0.974416,
            0.005116,
            -0.224694
          ],
          [
            0.002374,
            0.999451,
            0.03305
          ],
          [
            0.22474,
            -0.032738,
            0.973869
          ]
        ],
        [
          [
            0.977775,
            0.082296,
            0.192831
          ],
          [
            -0.094911,
            0.993846,
            0.057106
          ],
          [
            -0.186944,
            -0.074139,
            0.979569
          ]
        ],
        [
          [
            0.99905,
            0.019595,
            -0.038933
          ],
          [
            -0.022954,
            0.995874,
            -0.087799
          ],
          [
            0.037052,
            0.08861,
            0.995377
          ]
        ],
        [
          [
            0.258052,
            0.940986,
            -0.218986
          ],
          [
            -0.072795,
            0.244956,
            0.966798
          ],
          [
            0.963385,
            -0.233543,
            0.13171
          ]
        ],
        [
          [
            0.312467,
            -0.930586,
            0.19072
          ],
          [
            0.074327,
            0.224108,
            0.971726
          ],
          [
            -0.947016,
            -0.289456,
            0.139194
          ]
        ],
        [
          [
            0.958474,
            0.077247,
            0.274521
          ],
          [
            -0.106611,
            0.989877,
            0.093686
          ],
          [
            -0.264505,
            -0.119062,
            0.957007
          ]
        ],
        [
          [
            0.950003,
            -0.141423,
            -0.278378
          ],
          [
            0.170828,
            0.981692,
            0.084249
          ],
          [
            0.261367,
            -0.127592,
            0.956769
          ]
        ],
        [
          [
            0.999107,
            -0.041494,
            0.007925
          ],
          [
            0.036406,
            0.750563,
            -0.659796
          ],
          [
            0.021429,
            0.659495,
            0.751403
          ]
        ],
        [
          [
            0.996467,
            0.082506,
            0.015703
          ],
          [
            -0.044556,
            0.67781,
            -0.733886
          ],
          [
            -0.071193,
            0.730593,
            0.679092
          ]
        ],
        [
          [
            1.0,
            0.0,
            0.0
          ],
          [
            0.0,
            1.0,
            0.0
          ],
          [
            0.0,
            0.0,
            1.0
          ]
        ],
        [
          [
            1.0,
            0.0,
            0.0
          ],
          [
            0.0,
            1.0,
            0.0
          ],
          [
            0.0,
            0.0,
            1.0
          ]
        ]
      ]
    },
    {
      "time_sec": 0.084762,
      "root_offset": [
        -0.000549,
        -0.003438,
        0.000522
      ],
      "local_rotation_matrices": [
        [
          [
            0.999603,
            0.027711,
            0.005109
          ],
          [
            -0.02769,
            0.999608,
            -0.004191
          ],
          [
            -0.005224,
            0.004048,
            0.999978
          ]
        ],
        [
          [
            0.998722,
            -0.040003,
            0.030897
          ],
          [
            0.039224,
            0.998907,
            0.025409
          ],
          [
            -0.031879,
            -0.024164,
            0.9992
          ]
        ],
        [
          [
            0.998112,
            -0.002551,
            -0.061371
          ],
          [
            0.002579,
            0.999997,
            0.000378
          ],
          [
            0.06137,
            -0.000535,
            0.998115
          ]
        ],
        [
          [
            0.999631,
            0.00897,
            -0.025655
          ],
          [
            -0.008224,
            0.999545,
            0.029031
          ],
          [
            0.025904,
            -0.028809,
            0.999249
          ]
        ],
        [
          [
            0.998935,
            0.044965,
            -0.010382
          ],
          [
            -0.044853,
            0.998935,
            0.010803
          ],
          [
            0.010856,
            -0.010326,
            0.999888
          ]
        ],
        [
          [
            0.999568,
            -0.024677,
            0.015983
          ],
          [
            0.024473,
            0.999618,
            0.012812
          ],
          [
            -0.016294,
            -0.012415,
            0.99979
          ]
        ],
        [
          [
            0.998801,
            -0.037931,
            0.030953
          ],
          [
            0.040383,
            0.995742,
            -0.082868
          ],
          [
            -0.027678,
            0.084019,
            0.99608
          ]
        ],
        [
          [
            0.999272,
            -0.014857,
            -0.035125
          ],
          [
            0.013335,
            0.998978,
            -0.043188
          ],
          [
            0.035731,
            0.042688,
            0.998449
          ]
        ],
        [
          [
            0.998408,
            0.020798,
            0.052429
          ],
          [
            -0.019211,
            0.999347,
            -0.030597
          ],
          [
            -0.053031,
            0.029542,
            0.998156
          ]
        ],
        [
          [
            0.99999,
            0.002743,
            -0.003442
          ],
          [
            -0.002689,
            0.999877,
            0.015471
          ],
          [
            0.003484,
            -0.015461,
            0.999874
          ]
        ],
        [
          [
            0.99869,
            0.019393,
            0.047361
          ],
          [
            -0.017816,
            0.99928,
            -0.033497
          ],
          [
            -0.047976,
            0.032609,
            0.998316
          ]
        ],
        [
          [
            0.998813,
            -0.035701,
            -0.033127
          ],
          [
            0.035032,
            0.999175,
            -0.020537
          ],
          [
            0.033833,
            0.019352,
            0.99924
          ]
        ],
        [
          [
            0.99942,
            -0.028491,
            0.01865
          ],
          [
            0.027179,
            0.997371,
            0.067172
          ],
          [
            -0.020515,
            -0.066626,
            0.997567
          ]
        ],
        [
          [
            0.974346,
            0.004773,
            -0.225004
          ],
          [
            0.002844,
            0.999434,
            0.033518
          ],
          [
            0.225037,
            -0.033298,
            0.973781
          ]
        ],
        [
          [
            0.977852,
            0.082245,
            0.192461
          ],
          [
            -0.094882,
            0.993834,
            0.057373
          ],
          [
            -0.186556,
            -0.074363,
            0.979626
          ]
        ],
        [
          [
            0.999084,
            0.019383,
            -0.038149
          ],
          [
            -0.022647,
            0.995944,
            -0.087079
          ],
          [
            0.036306,
            0.087863,
            0.995471
          ]
        ],
        [
          [
            0.258864,
            0.940556,
            -0.219873
          ],
          [
            -0.075508,
            0.24664,
            0.966161
          ],
          [
            0.962958,
            -0.233502,
            0.134866
          ]
        ],
        [
          [
            0.31073,
            -0.930302,
            0.1949
          ],
          [
            0.075048,
            0.228423,
            0.970665
          ],
          [
            -0.947531,
            -0.286988,
            0.140795
          ]
        ],
        [
          [
            0.958319,
            0.078051,
            0.274834
          ],
          [
            -0.107532,
            0.98976,
            0.093869
          ],
          [
            -0.264693,
            -0.11951,
            0.956899
          ]
        ],
        [
          [
            0.949894,
            -0.141439,
            -0.27874
          ],
          [
            0.170753,
            0.98175,
            0.08373
          ],
          [
            0.26181,
            -0.12713,
            0.95671
          ]
        ],
        [
          [
            0.999118,
            -0.041376,
            0.00711
          ],
          [
            0.035842,
            0.752477,
            -0.657642
          ],
          [
            0.02186,
            0.657317,
            0.753297
          ]
        ],
        [
          [
            0.99652,
            0.081949,
            0.015221
          ],
          [
            -0.04447,
            0.677191,
            -0.734462
          ],
          [
            -0.070496,
            0.73123,
            0.678479
          ]
        ],
        [
          [
            1.0,
            0.0,
            0.0
          ],
          [
            0.0,
            1.0,
            0.0
          ],
          [
            0.0,
            0.0,
            1.0
          ]
        ],
        [
          [
            1.0,
            0.0,
            0.0
          ],
          [
            0.0,
            1.0,
            0.0
          ],
          [
            0.0,
            0.0,
            1.0
          ]
        ]
      ]
    },
    {
      "time_sec": 0.169524,
      "root_offset": [
        0.001045,
        -0.004341,
        0.00049
      ],
      "local_rotation_matrices": [
        [
          [
            0.999617,
            0.027287,
            0.004623
          ],
          [
            -0.027267,
            0.999618,
            -0.004481
          ],
          [
            -0.004743,
            0.004354,
            0.999979
          ]
        ],
        [
          [
            0.998729,
            -0.038705,
            0.032286
          ],
          [
            0.037884,
            0.998953,
            0.025662
          ],
          [
            -0.033245,
            -0.024406,
            0.999149
          ]
        ],
        [
          [
            0.99822,
            -0.003333,
            -0.059549
          ],
          [
            0.003446,
            0.999992,
            0.001797
          ],
          [
            0.059543,
            -0.001999,
            0.998224
          ]
        ],
        [
          [
            0.999636,
            0.009176,
            -0.025373
          ],
          [
            -0.0084,
            0.999499,
            0.030521
          ],
          [
            0.02564,
            -0.030297,
            0.999212
          ]
        ],
        [
          [
            0.998928,
            0.045124,
            -0.010341
          ],
          [
            -0.045001,
            0.998917,
            0.011865
          ],
          [
            0.010865,
            -0.011387,
            0.999876
          ]
        ],
        [
          [
            0.999565,
            -0.024959,
            0.015709
          ],
          [
            0.024788,
            0.999632,
            0.011023
          ],
          [
            -0.015978,
            -0.010629,
            0.999816
          ]
        ],
        [
          [
            0.998809,
            -0.037354,
            0.031382
          ],
          [
            0.039861,
            0.995712,
            -0.083481
          ],
          [
            -0.028129,
            0.084632,
            0.996015
          ]
        ],
        [
          [
            0.99925,
            -0.01561,
            -0.035449
          ],
          [
            0.01406,
            0.998952,
            -0.043564
          ],
          [
            0.036092,
            0.043033,
            0.998422
          ]
        ],
        [
          [
            0.998407,
            0.023245,
            0.051409
          ],
          [
            -0.021702,
            0.999303,
            -0.03037
          ],
          [
            -0.05208,
            0.029206,
            0.998216
          ]
        ],
        [
          [
            0.999991,
            0.002839,
            -0.003275
          ],
          [
            -0.00279,
            0.999884,
            0.014943
          ],
          [
            0.003317,
            -0.014934,
            0.999883
          ]
        ],
        [
          [
            0.9987,
            0.019427,
            0.047126
          ],
          [
            -0.017831,
            0.999261,
            -0.034058
          ],
          [
            -0.047753,
            0.033174,
            0.998308
          ]
        ],
        [
          [
            0.998805,
            -0.03589,
            -0.033165
          ],
          [
            0.035242,
            0.99918,
            -0.019937
          ],
          [
            0.033854,
            0.018744,
            0.999251
          ]
        ],
        [
          [
            0.999447,
            -0.028754,
            0.016684
          ],
          [
            0.027556,
            0.997299,
            0.068089
          ],
          [
            -0.018596,
            -0.067592,
            0.99754
          ]
        ],
        [
          [
            0.974434,
            0.004582,
            -0.224626
          ],
          [
            0.003214,
            0.999405,
            0.034329
          ],
          [
            0.22465,
            -0.034173,
            0.97384
          ]
        ],
        [
          [
            0.977997,
            0.082592,
            0.191572
          ],
          [
            -0.095328,
            0.993741,
            0.058233
          ],
          [
            -0.185563,
            -0.075214,
            0.97975
          ]
        ],
        [
          [
            0.999129,
            0.019551,
            -0.036863
          ],
          [
            -0.022678,
            0.996,
            -0.086431
          ],
          [
            0.035026,
            0.087192,
            0.995576
          ]
        ],
        [
          [
            0.258,
            0.941061,
            -0.218724
          ],
          [
            -0.077756,
            0.245878,
            0.966177
          ],
          [
            0.963011,
            -0.232267,
            0.13661
          ]
        ],
        [
          [
            0.30747,
            -0.931058,
            0.196452
          ],
          [
            0.076129,
            0.22986,
            0.970242
          ],
          [
            -0.948508,
            -0.283364,
            0.141555
          ]
        ],
        [
          [
            0.958689,
            0.076607,
            0.273947
          ],
          [
            -0.105969,
            0.989914,
            0.094022
          ],
          [
            -0.263981,
            -0.119168,
            0.957138
          ]
        ],
        [
          [
            0.950428,
            -0.139392,
            -0.277951
          ],
          [
            0.16856,
            0.982119,
            0.083844
          ],
          [
            0.261294,
            -0.126539,
            0.956929
          ]
        ],
        [
          [
            0.999127,
            -0.041103,
            0.007409
          ],
          [
            0.035884,
            0.754047,
            -0.65584
          ],
          [
            0.021371,
            0.655534,
            0.754864
          ]
        ],
        [
          [
            0.99654,
            0.081671,
            0.015428
          ],
          [
            -0.044109,
            0.676986,
            -0.734673
          ],
          [
            -0.070446,
            0.731451,
            0.678246
          ]
        ],
        [
          [
            1.0,
            0.0,
            0.0
          ],
          [
            0.0,
            1.0,
            0.0
          ],
          [
            0.0,
            0.0,
            1.0
          ]
        ],
        [
          [
            1.0,
            0.0,
            0.0
          ],
          [
            0.0,
            1.0,
            0.0
          ],
          [
            0.0,
            0.0,
            1.0
          ]
        ]
      ]
    },
    {
      "time_sec": 0.254286,
      "root_offset": [
        0.003453,
        -0.00607,
        0.000332
      ],
      "local_rotation_matrices": [
        [
          [
            0.999629,
            0.026946,
            0.003853
          ],
          [
            -0.026926,
            0.999625,
            -0.005068
          ],
          [
            -0.003988,
            0.004962,
            0.99998
          ]
        ],
        [
          [
            0.998747,
            -0.036008,
            0.034769
          ],
          [
            0.035122,
            0.999051,
            0.025771
          ],
          [
            -0.035664,
            -0.024518,
            0.999063
          ]
        ],
        [
          [
            0.998372,
            -0.004756,
            -0.056833
          ],
          [
            0.004995,
            0.999979,
            0.004057
          ],
          [
            0.056812,
            -0.004335,
            0.998375
          ]
        ],
        [
          [
            0.999642,
            0.009476,
            -0.025006
          ],
          [
            -0.008655,
            0.999426,
            0.032743
          ],
          [
            0.025302,
            -0.032515,
            0.999151
          ]
        ],
        [
          [
            0.998923,
            0.045242,
            -0.010305
          ],
          [
            -0.045101,
            0.99889,
            0.013572
          ],
          [
            0.010907,
            -0.013093,
            0.999855
          ]
        ],
        [
          [
            0.99955,
            -0.026001,
            0.014952
          ],
          [
            0.025871,
            0.999626,
            0.008835
          ],
          [
            -0.015177,
            -0.008444,
            0.999849
          ]
        ],
        [
          [
            0.998821,
            -0.036356,
            0.032162
          ],
          [
            0.038967,
            0.995646,
            -0.084681
          ],
          [
            -0.028944,
            0.085835,
            0.995889
          ]
        ],
        [
          [
            0.999208,
            -0.016863,
            -0.036037
          ],
          [
            0.015256,
            0.998896,
            -0.044423
          ],
          [
            0.036746,
            0.043838,
            0.998363
          ]
        ],
        [
          [
            0.998385,
            0.027536,
            0.049693
          ],
          [
            -0.026053,
            0.999203,
            -0.030237
          ],
          [
            -0.050486,
            0.028893,
            0.998307
          ]
        ],
        [
          [
            0.999991,
            0.003054,
            -0.003093
          ],
          [
            -0.003008,
            0.99989,
            0.014528
          ],
          [
            0.003137,
            -0.014518,
            0.99989
          ]
        ],
        [
          [
            0.998694,
            0.019213,
            0.047343
          ],
          [
            -0.017575,
            0.999241,
            -0.034767
          ],
          [
            -0.047975,
            0.033889,
            0.998273
          ]
        ],
        [
          [
            0.998798,
            -0.036098,
            -0.03316
          ],
          [
            0.03548,
            0.999189,
            -0.019056
          ],
          [
            0.033821,
            0.017857,
            0.999268
          ]
        ],
        [
          [
            0.999472,
            -0.029505,
            0.013581
          ],
          [
            0.028494,
            0.99718,
            0.069421
          ],
          [
            -0.015591,
            -0.068998,
            0.997495
          ]
        ],
        [
          [
            0.975058,
            0.004358,
            -0.221905
          ],
          [
            0.003673,
            0.999354,
            0.035763
          ],
          [
            0.221918,
            -0.035686,
            0.974412
          ]
        ],
        [
          [
            0.978443,
            0.08244,
            0.189349
          ],
          [
            -0.095469,
            0.993578,
            0.060733
          ],
          [
            -0.183126,
            -0.077501,
            0.98003
          ]
        ],
        [
          [
            0.999197,
            0.020057,
            -0.034674
          ],
          [
            -0.022957,
            0.996085,
            -0.085365
          ],
          [
            0.032826,
            0.086092,
            0.995746
          ]
        ],
        [
          [
            0.253864,
            0.942875,
            -0.215729
          ],
          [
            -0.080123,
            0.242769,
            0.96677
          ],
          [
            0.963916,
            -0.228143,
            0.137176
          ]
        ],
        [
          [
            0.300218,
            -0.933142,
            0.197776
          ],
          [
            0.079718,
            0.23116,
            0.969644
          ],
          [
            -0.950534,
            -0.275338,
            0.143786
          ]
        ],
        [
          [
            0.959981,
            0.07237,
            0.270554
          ],
          [
            -0.101447,
            0.990288,
            0.095064
          ],
          [
            -0.261047,
            -0.118707,
            0.958
          ]
        ],
        [
          [
            0.952124,
            -0.133821,
            -0.274867
          ],
          [
            0.162556,
            0.983077,
            0.084465
          ],
          [
            0.258912,
            -0.125102,
            0.957765
          ]
        ],
        [
          [
            0.999131,
            -0.04054,
            0.009692
          ],
          [
            0.037,
            0.755498,
            -0.654105
          ],
          [
            0.019195,
            0.653895,
            0.756342
          ]
        ],
        [
          [
            0.99644,
            0.082789,
            0.015943
          ],
          [
            -0.044509,
            0.67715,
            -0.734498
          ],
          [
            -0.071605,
            0.731173,
            0.678424
          ]
        ],
        [
          [
            1.0,
            0.0,
            0.0
          ],
          [
            0.0,
            1.0,
            0.0
          ],
          [
            0.0,
            0.0,
            1.0
          ]
        ],
        [
          [
            1.0,
            0.0,
            0.0
          ],
          [
            0.0,
            1.0,
            0.0
          ],
          [
            0.0,
            0.0,
            1.0
          ]
        ]
      ]
    },
    {
      "time_sec": 0.339048,
      "root_offset": [
        0.004025,
        -0.006286,
        0.000486
      ],
      "local_rotation_matrices": [
        [
          [
            0.999635,
            0.026773,
            0.003584
          ],
          [
            -0.026752,
            0.999625,
            -0.005926
          ],
          [
            -0.003741,
            0.005828,
            0.999976
          ]
        ],
        [
          [
            0.998744,
            -0.035014,
            0.035827
          ],
          [
            0.03409,
            0.999078,
            0.026086
          ],
          [
            -0.036707,
            -0.024832,
            0.999018
          ]
        ],
        [
          [
            0.998442,
            -0.005165,
            -0.055558
          ],
          [
            0.005463,
            0.999972,
            0.005212
          ],
          [
            0.05553,
            -0.005507,
            0.998442
          ]
        ],
        [
          [
            0.999648,
            0.009568,
            -0.024735
          ],
          [
            -0.008728,
            0.999389,
            0.033841
          ],
          [
            0.025043,
            -0.033614,
            0.999121
          ]
        ],
        [
          [
            0.998913,
            0.045465,
            -0.010302
          ],
          [
            -0.04532,
            0.998876,
            0.013898
          ],
          [
            0.010922,
            -0.013416,
            0.99985
          ]
        ],
        [
          [
            0.999547,
            -0.026207,
            0.014806
          ],
          [
            0.026093,
            0.999628,
            0.007883
          ],
          [
            -0.015007,
            -0.007493,
            0.999859
          ]
        ],
        [
          [
            0.998831,
            -0.035804,
            0.032464
          ],
          [
            0.038457,
            0.995626,
            -0.085146
          ],
          [
            -0.029274,
            0.086295,
            0.995839
          ]
        ],
        [
          [
            0.999183,
            -0.017201,
            -0.036572
          ],
          [
            0.015571,
            0.998893,
            -0.044389
          ],
          [
            0.037295,
            0.043783,
            0.998345
          ]
        ],
        [
          [
            0.998377,
            0.029279,
            0.04885
          ],
          [
            -0.027802,
            0.999144,
            -0.030641
          ],
          [
            -0.049705,
            0.029234,
            0.998336
          ]
        ],
        [
          [
            0.999991,
            0.003081,
            -0.003047
          ],
          [
            -0.003037,
            0.999891,
            0.01444
          ],
          [
            0.003091,
            -0.01443,
            0.999891
          ]
        ],
        [
          [
            0.998694,
            0.01909,
            0.047393
          ],
          [
            -0.017431,
            0.999229,
            -0.035188
          ],
          [
            -0.048029,
            0.034316,
            0.998256
          ]
        ],
        [
          [
            0.998784,
            -0.036176,
            -0.033498
          ],
          [
            0.035566,
            0.999193,
            -0.018654
          ],
          [
            0.034146,
            0.01744,
            0.999265
          ]
        ],
        [
          [
            0.999483,
            -0.029849,
            0.01197
          ],
          [
            0.028934,
            0.997095,
            0.070454
          ],
          [
            -0.014038,
            -0.070071,
            0.997443
          ]
        ],
        [
          [
            0.975479,
            0.004358,
            -0.220049
          ],
          [
            0.003836,
            0.999315,
            0.036798
          ],
          [
            0.220058,
            -0.03674,
            0.974795
          ]
        ],
        [
          [
            0.978765,
            0.08223,
            0.18777
          ],
          [
            -0.095491,
            0.993454,
            0.062692
          ],
          [
            -0.181386,
            -0.079291,
            0.98021
          ]
        ],
        [
          [
            0.999235,
            0.020481,
            -0.033304
          ],
          [
            -0.023242,
            0.996131,
            -0.084753
          ],
          [
            0.031439,
            0.085463,
            0.995845
          ]
        ],
        [
          [
            0.250758,
            0.944154,
            -0.213762
          ],
          [
            -0.082052,
            0.240752,
            0.967112
          ],
          [
            0.964566,
            -0.224971,
            0.13784
          ]
        ],
        [
          [
            0.29509,
            -0.934513,
            0.199015
          ],
          [
            0.08263,
            0.23247,
            0.969087
          ],
          [
            -0.95189,
            -0.269523,
            0.145818
          ]
        ],
        [
          [
            0.960775,
            0.070133,
            0.268316
          ],
          [
            -0.098913,
            0.990524,
            0.09528
          ],
          [
            -0.259091,
            -0.118083,
            0.958607
          ]
        ],
        [
          [
            0.953328,
            -0.129948,
            -0.272543
          ],
          [
            0.158256,
            0.983776,
            0.084499
          ],
          [
            0.257141,
            -0.123686,
            0.958426
          ]
        ],
        [
          [
            0.999146,
            -0.039779,
            0.011187
          ],
          [
            0.037409,
            0.755745,
            -0.653796
          ],
          [
            0.017553,
            0.653656,
            0.756588
          ]
        ],
        [
          [
            0.996341,
            0.083701,
            0.017312
          ],
          [
            -0.04406,
            0.676525,
            -0.735101
          ],
          [
            -0.073241,
            0.731648,
            0.677737
          ]
        ],
        [
          [
            1.0,
            0.0,
            0.0
          ],
          [
            0.0,
            1.0,
            0.0
          ],
          [
            0.0,
            0.0,
            1.0
          ]
        ],
        [
          [
            1.0,
            0.0,
            0.0
          ],
          [
            0.0,
            1.0,
            0.0
          ],
          [
            0.0,
            0.0,
            1.0
          ]
        ]
      ]
    },
    {
      "time_sec": 0.42381,
      "root_offset": [
        0.006461,
        -0.007388,
        0.000566
      ],
      "local_rotation_matrices": [
        [
          [
            0.999661,
            0.025795,
            0.003429
          ],
          [
            -0.025772,
            0.999645,
            -0.006786
          ],
          [
            -0.003603,
            0.006695,
            0.999971
          ]
        ],
        [
          [
            0.998724,
            -0.033894,
            0.037436
          ],
          [
            0.032881,
            0.999085,
            0.027345
          ],
          [
            -0.038328,
            -0.026079,
            0.998925
          ]
        ],
        [
          [
            0.998541,
            -0.005671,
            -0.053705
          ],
          [
            0.006069,
            0.999955,
            0.007259
          ],
          [
            0.053662,
            -0.007574,
            0.99853
          ]
        ],
        [
          [
            0.999659,
            0.009569,
            -0.024302
          ],
          [
            -0.008708,
            0.999339,
            0.035291
          ],
          [
            0.024623,
            -0.035067,
            0.999082
          ]
        ],
        [
          [
            0.998892,
            0.045908,
            -0.010316
          ],
          [
            -0.045764,
            0.998857,
            0.013831
          ],
          [
            0.010939,
            -0.013343,
            0.999851
          ]
        ],
        [
          [
            0.999535,
            -0.026598,
            0.014886
          ],
          [
            0.026501,
            0.999626,
            0.006689
          ],
          [
            -0.015058,
            -0.006291,
            0.999867
          ]
        ],
        [
          [
            0.998846,
            -0.035141,
            0.03273
          ],
          [
            0.037842,
            0.995582,
            -0.085935
          ],
          [
            -0.029565,
            0.087074,
            0.995763
          ]
        ],
        [
          [
            0.999139,
            -0.017704,
            -0.037532
          ],
          [
            0.016033,
            0.998886,
            -0.044372
          ],
          [
            0.038276,
            0.043732,
            0.99831
          ]
        ],
        [
          [
            0.998406,
            0.03096,
            0.047193
          ],
          [
            -0.029517,
            0.999084,
            -0.03098
          ],
          [
            -0.048109,
            0.029538,
            0.998405
          ]
        ],
        [
          [
            0.999991,
            0.003021,
            -0.003141
          ],
          [
            -0.002975,
            0.999891,
            0.014442
          ],
          [
            0.003185,
            -0.014433,
            0.999891
          ]
        ],
        [
          [
            0.99872,
            0.018968,
            0.046898
          ],
          [
            -0.017311,
            0.99922,
