{
  "format": "gf5_keyframed_motion",
  "version": 1,
  "name": "Look around",
  "profile_name": "course_body_24",
  "joint_order": [
    "pelvis",
    "left_hip",
    "right_hip",
    "spine1",
    "left_knee",
    "right_knee",
    "spine2",
    "left_ankle",
    "right_ankle",
    "spine3",
    "left_foot",
    "right_foot",
    "neck",
    "left_collar",
    "right_collar",
    "head",
    "left_shoulder",
    "right_shoulder",
    "left_elbow",
    "right_elbow",
    "left_wrist",
    "right_wrist",
    "left_hand",
    "right_hand"
  ],
  "coordinate_convention": {
    "name": "gf5_viewer_body",
    "up_axis": [
      0.0,
      0.0,
      1.0
    ],
    "forward_axis": [
      0.0,
      1.0,
      0.0
    ],
    "anatomical_right_axis": [
      1.0,
      0.0,
      0.0
    ],
    "native_smpl_to_viewer": "viewer=(-native_x, native_z, native_y)"
  },
  "duration_sec": 2.966667,
  "exported_at": "2026-05-13T23:48:15",
  "source_asset_name": null,
  "source_motion": {
    "format": "amass_npz",
    "path": "staff_tools/motion_fallback/packs/hy_motion_palette/clips/look_around_01.npz",
    "frame_rate": 30.0,
    "frame_count": 90,
    "pose_source": "poses",
    "translation_source": "trans",
    "start_sec": 0.0,
    "end_sec": 2.966667,
    "sample_fps": 12.0,
    "manifest": "staff_tools/motion_fallback/packs/hy_motion_palette/manifest.json"
  },
  "keyframes": [
    {
      "time_sec": 0.0,
      "root_offset": [
        0.0,
        0.0,
        0.0
      ],
      "local_rotation_matrices": [
        [
          [
            0.999978,
            -0.002804,
            0.005964
          ],
          [
            0.002476,
            0.998522,
            0.054288
          ],
          [
            -0.006107,
            -0.054272,
            0.998507
          ]
        ],
        [
          [
            0.994483,
            -0.103271,
            -0.018394
          ],
          [
            0.102435,
            0.993864,
            -0.04172
          ],
          [
            0.02259,
            0.039606,
            0.99896
          ]
        ],
        [
          [
            0.968132,
            0.24883,
            0.02834
          ],
          [
            -0.248534,
            0.968528,
            -0.013576
          ],
          [
            -0.030826,
            0.0061,
            0.999506
          ]
        ],
        [
          [
            0.999752,
            -0.016504,
            0.014938
          ],
          [
            0.016398,
            0.99984,
            0.00718
          ],
          [
            -0.015054,
            -0.006933,
            0.999863
          ]
        ],
        [
          [
            0.99916,
            0.040971,
            0.000938
          ],
          [
            -0.040963,
            0.999132,
            -0.007523
          ],
          [
            -0.001246,
            0.007478,
            0.999971
          ]
        ],
        [
          [
            0.997637,
            -0.067144,
            0.014588
          ],
          [
            0.067199,
            0.997734,
            -0.00327
          ],
          [
            -0.014335,
            0.004242,
            0.999888
          ]
        ],
        [
          [
            0.99591,
            0.036247,
            -0.082758
          ],
          [
            -0.043581,
            0.995112,
            -0.088612
          ],
          [
            0.079142,
            0.091857,
            0.992622
          ]
        ],
        [
          [
            0.996564,
            0.052424,
            -0.064128
          ],
          [
            -0.027573,
            0.940031,
            0.339974
          ],
          [
            0.078105,
            -0.337037,
            0.938246
          ]
        ],
        [
          [
            0.995656,
            0.061954,
            0.069502
          ],
          [
            -0.078335,
            0.960881,
            0.265653
          ],
          [
            -0.050325,
            -0.269944,
            0.96156
          ]
        ],
        [
          [
            0.999593,
            -0.015325,
            0.024075
          ],
          [
            0.017469,
            0.995649,
            -0.091528
          ],
          [
            -0.022568,
            0.091912,
            0.995511
          ]
        ],
        [
          [
            0.995728,
            0.08314,
            0.040173
          ],
          [
            -0.066358,
            0.946839,
            -0.31479
          ],
          [
            -0.064209,
            0.31078,
            0.948311
          ]
        ],
        [
          [
            0.991317,
            -0.037639,
            -0.12599
          ],
          [
            0.000744,
            0.959747,
            -0.280865
          ],
          [
            0.13149,
            0.278333,
            0.951442
          ]
        ],
        [
          [
            0.992474,
            0.104877,
            0.063214
          ],
          [
            -0.110681,
            0.989146,
            0.096643
          ],
          [
            -0.052392,
            -0.102912,
            0.99331
          ]
        ],
        [
          [
            0.946856,
            0.113483,
            -0.300975
          ],
          [
            0.064987,
            0.848909,
            0.524529
          ],
          [
            0.315025,
            -0.516213,
            0.796419
          ]
        ],
        [
          [
            0.939564,
            -0.142203,
            0.311443
          ],
          [
            -0.037057,
            0.86208,
            0.505415
          ],
          [
            -0.340361,
            -0.486411,
            0.80471
          ]
        ],
        [
          [
            0.999256,
            -0.006377,
            -0.038046
          ],
          [
            0.008584,
            0.998273,
            0.058119
          ],
          [
            0.03761,
            -0.058402,
            0.997584
          ]
        ],
        [
          [
            0.543147,
            0.775345,
            -0.322229
          ],
          [
            -0.433291,
            0.58755,
            0.683406
          ],
          [
            0.719201,
            -0.23157,
            0.655076
          ]
        ],
        [
          [
            0.492304,
            -0.722195,
            0.485871
          ],
          [
            0.293908,
            0.66334,
            0.688185
          ],
          [
            -0.819302,
            -0.195995,
            0.538824
          ]
        ],
        [
          [
            0.95624,
            0.196103,
            0.217138
          ],
          [
            -0.245678,
            0.941204,
            0.231899
          ],
          [
            -0.158895,
            -0.275097,
            0.948195
          ]
        ],
        [
          [
            0.889793,
            -0.268128,
            -0.369291
          ],
          [
            0.3606,
            0.909041,
            0.208834
          ],
          [
            0.279706,
            -0.318985,
            0.905546
          ]
        ],
        [
          [
            0.99499,
            -0.063891,
            -0.076894
          ],
          [
            -0.016175,
            0.656127,
            -0.754477
          ],
          [
            0.098656,
            0.751941,
            0.651806
          ]
        ],
        [
          [
            0.996761,
            -0.038272,
            -0.070727
          ],
          [
            -0.010928,
            0.806876,
            -0.590619
          ],
          [
            0.079672,
            0.589479,
            0.803845
          ]
        ],
        [
          [
            1.0,
            0.0,
            0.0
          ],
          [
            0.0,
            1.0,
            0.0
          ],
          [
            0.0,
            0.0,
            1.0
          ]
        ],
        [
          [
            1.0,
            0.0,
            0.0
          ],
          [
            0.0,
            1.0,
            0.0
          ],
          [
            0.0,
            0.0,
            1.0
          ]
        ]
      ]
    },
    {
      "time_sec": 0.084762,
      "root_offset": [
        0.002381,
        -0.003104,
        0.000567
      ],
      "local_rotation_matrices": [
        [
          [
            0.99998,
            -0.00374,
            0.005102
          ],
          [
            0.00348,
            0.998734,
            0.050184
          ],
          [
            -0.005284,
            -0.050165,
            0.998727
          ]
        ],
        [
          [
            0.994564,
            -0.102703,
            -0.017165
          ],
          [
            0.102018,
            0.994098,
            -0.036905
          ],
          [
            0.020854,
            0.034953,
            0.999171
          ]
        ],
        [
          [
            0.9688,
            0.245985,
            0.030292
          ],
          [
            -0.245828,
            0.969273,
            -0.008854
          ],
          [
            -0.031539,
            0.001131,
            0.999502
          ]
        ],
        [
          [
            0.999696,
            -0.020277,
            0.014059
          ],
          [
            0.020133,
            0.999744,
            0.01034
          ],
          [
            -0.014265,
            -0.010054,
            0.999848
          ]
        ],
        [
          [
            0.999174,
            0.040639,
            0.000512
          ],
          [
            -0.040632,
            0.999122,
            -0.010186
          ],
          [
            -0.000926,
            0.010157,
            0.999948
          ]
        ],
        [
          [
            0.997555,
            -0.068405,
            0.014294
          ],
          [
            0.068481,
            0.99764,
            -0.004899
          ],
          [
            -0.013925,
            0.005866,
            0.999886
          ]
        ],
        [
          [
            0.99532,
            0.036741,
            -0.089381
          ],
          [
            -0.044617,
            0.99514,
            -0.087782
          ],
          [
            0.085721,
            0.091359,
            0.992122
          ]
        ],
        [
          [
            0.996872,
            0.050719,
            -0.06061
          ],
          [
            -0.026957,
            0.939129,
            0.342506
          ],
          [
            0.074292,
            -0.339801,
            0.937558
          ]
        ],
        [
          [
            0.994995,
            0.068208,
            0.073023
          ],
          [
            -0.085223,
            0.960812,
            0.263777
          ],
          [
            -0.052169,
            -0.26868,
            0.961816
          ]
        ],
        [
          [
            0.999605,
            -0.01771,
            0.021804
          ],
          [
            0.019812,
            0.994757,
            -0.100333
          ],
          [
            -0.019913,
            0.100726,
            0.994715
          ]
        ],
        [
          [
            0.996434,
            0.079408,
            0.028536
          ],
          [
            -0.066231,
            0.945571,
            -0.318603
          ],
          [
            -0.052282,
            0.315577,
            0.947459
          ]
        ],
        [
          [
            0.990479,
            -0.039606,
            -0.13184
          ],
          [
            0.002024,
            0.961805,
            -0.273728
          ],
          [
            0.137646,
            0.270855,
            0.952728
          ]
        ],
        [
          [
            0.990144,
            0.124212,
            0.064702
          ],
          [
            -0.129829,
            0.987316,
            0.091388
          ],
          [
            -0.05253,
            -0.098888,
            0.993711
          ]
        ],
        [
          [
            0.951094,
            0.114868,
            -0.28675
          ],
          [
            0.060764,
            0.840581,
            0.538267
          ],
          [
            0.302866,
            -0.529366,
            0.792492
          ]
        ],
        [
          [
            0.93773,
            -0.152237,
            0.312229
          ],
          [
            -0.03238,
            0.856625,
            0.514922
          ],
          [
            -0.345854,
            -0.492967,
            0.798354
          ]
        ],
        [
          [
            0.998811,
            0.032127,
            -0.036657
          ],
          [
            -0.029283,
            0.996705,
            0.075642
          ],
          [
            0.038966,
            -0.074478,
            0.996461
          ]
        ],
        [
          [
            0.539338,
            0.770273,
            -0.340285
          ],
          [
            -0.438355,
            0.60184,
            0.667558
          ],
          [
            0.718999,
            -0.210874,
            0.662248
          ]
        ],
        [
          [
            0.488747,
            -0.72097,
            0.491252
          ],
          [
            0.298114,
            0.667209,
            0.682613
          ],
          [
            -0.819911,
            -0.187175,
            0.541028
          ]
        ],
        [
          [
            0.952972,
            0.203233,
            0.224811
          ],
          [
            -0.255238,
            0.93818,
            0.23382
          ],
          [
            -0.163393,
            -0.280205,
            0.945932
          ]
        ],
        [
          [
            0.893219,
            -0.263405,
            -0.364387
          ],
          [
            0.356201,
            0.909104,
            0.215987
          ],
          [
            0.274374,
            -0.322718,
            0.905854
          ]
        ],
        [
          [
            0.995314,
            -0.065249,
            -0.071356
          ],
          [
            -0.012592,
            0.644227,
            -0.76473
          ],
          [
            0.095868,
            0.762046,
            0.640387
          ]
        ],
        [
          [
            0.997129,
            -0.036501,
            -0.066345
          ],
          [
            -0.009763,
            0.806876,
            -0.590641
          ],
          [
            0.075091,
            0.589593,
            0.804203
          ]
        ],
        [
          [
            1.0,
            0.0,
            0.0
          ],
          [
            0.0,
            1.0,
            0.0
          ],
          [
            0.0,
            0.0,
            1.0
          ]
        ],
        [
          [
            1.0,
            0.0,
            0.0
          ],
          [
            0.0,
            1.0,
            0.0
          ],
          [
            0.0,
            0.0,
            1.0
          ]
        ]
      ]
    },
    {
      "time_sec": 0.169524,
      "root_offset": [
        0.00167,
        -0.001956,
        0.000967
      ],
      "local_rotation_matrices": [
        [
          [
            0.999785,
            0.020341,
            0.004081
          ],
          [
            -0.020504,
            0.998781,
            0.044899
          ],
          [
            -0.003163,
            -0.044973,
            0.998983
          ]
        ],
        [
          [
            0.994199,
            -0.106398,
            -0.015765
          ],
          [
            0.105989,
            0.994057,
            -0.024839
          ],
          [
            0.018314,
            0.023024,
            0.999567
          ]
        ],
        [
          [
            0.969298,
            0.243731,
            0.032519
          ],
          [
            -0.243876,
            0.969806,
            0.000529
          ],
          [
            -0.031408,
            -0.008444,
            0.999471
          ]
        ],
        [
          [
            0.999514,
            -0.026229,
            0.016875
          ],
          [
            0.026015,
            0.99958,
            0.01276
          ],
          [
            -0.017203,
            -0.012315,
            0.999776
          ]
        ],
        [
          [
            0.999101,
            0.042386,
            -0.000361
          ],
          [
            -0.042385,
            0.998941,
            -0.017886
          ],
          [
            -0.000398,
            0.017885,
            0.99984
          ]
        ],
        [
          [
            0.997326,
            -0.071647,
            0.014386
          ],
          [
            0.071829,
            0.997337,
            -0.012598
          ],
          [
            -0.013445,
            0.013598,
            0.999817
          ]
        ],
        [
          [
            0.994085,
            0.040991,
            -0.100575
          ],
          [
            -0.04955,
            0.995222,
            -0.084134
          ],
          [
            0.096646,
            0.088619,
            0.991366
          ]
        ],
        [
          [
            0.99792,
            0.029722,
            -0.057197
          ],
          [
            -0.008205,
            0.938698,
            0.344642
          ],
          [
            0.063934,
            -0.343456,
            0.93699
          ]
        ],
        [
          [
            0.995609,
            0.056497,
            0.07464
          ],
          [
            -0.07431,
            0.961895,
            0.263126
          ],
          [
            -0.05693,
            -0.267517,
            0.96187
          ]
        ],
        [
          [
            0.999675,
            -0.02015,
            0.015614
          ],
          [
            0.021875,
            0.992586,
            -0.119563
          ],
          [
            -0.013089,
            0.119866,
            0.992704
          ]
        ],
        [
          [
            0.997362,
            0.072424,
            0.004925
          ],
          [
            -0.066894,
            0.943317,
            -0.325083
          ],
          [
            -0.028189,
            0.323896,
            0.945673
          ]
        ],
        [
          [
            0.988522,
            -0.046758,
            -0.143659
          ],
          [
            0.007797,
            0.965422,
            -0.260575
          ],
          [
            0.150875,
            0.256464,
            0.954706
          ]
        ],
        [
          [
            0.981205,
            0.180529,
            0.068163
          ],
          [
            -0.18579,
            0.979253,
            0.080903
          ],
          [
            -0.052143,
            -0.092046,
            0.994389
          ]
        ],
        [
          [
            0.957787,
            0.121655,
            -0.260469
          ],
          [
            0.0507,
            0.820364,
            0.56959
          ],
          [
            0.282973,
            -0.558752,
            0.779566
          ]
        ],
        [
          [
            0.933098,
            -0.177601,
            0.312708
          ],
          [
            -0.018661,
            0.844463,
            0.535289
          ],
          [
            -0.359138,
            -0.505312,
            0.784652
          ]
        ],
        [
          [
            0.990059,
            0.134468,
            -0.041258
          ],
          [
            -0.129158,
            0.985292,
            0.111883
          ],
          [
            0.055696,
            -0.105442,
            0.992865
          ]
        ],
        [
          [
            0.534405,
            0.755852,
            -0.378283
          ],
          [
            -0.443886,
            0.631842,
            0.635407
          ],
          [
            0.719289,
            -0.17165,
            0.673172
          ]
        ],
        [
          [
            0.488504,
            -0.712073,
            0.504297
          ],
          [
            0.305283,
            0.6809,
            0.665716
          ],
          [
            -0.817414,
            -0.171251,
            0.550006
          ]
        ],
        [
          [
            0.946675,
            0.217562,
            0.237639
          ],
          [
            -0.27372,
            0.932149,
            0.237015
          ],
          [
            -0.16995,
            -0.289422,
            0.941994
          ]
        ],
        [
          [
            0.900308,
            -0.25345,
            -0.353849
          ],
          [
            0.346863,
            0.90889,
            0.231526
          ],
          [
            0.262929,
            -0.331182,
            0.906194
          ]
        ],
        [
          [
            0.995419,
            -0.071538,
            -0.063432
          ],
          [
            -0.00581,
            0.616955,
            -0.786977
          ],
          [
            0.095434,
            0.78374,
            0.613713
          ]
        ],
        [
          [
            0.997963,
            -0.02081,
            -0.060308
          ],
          [
            -0.019208,
            0.803438,
            -0.595078
          ],
          [
            0.060837,
            0.595024,
            0.801402
          ]
        ],
        [
          [
            1.0,
            0.0,
            0.0
          ],
          [
            0.0,
            1.0,
            0.0
          ],
          [
            0.0,
            0.0,
            1.0
          ]
        ],
        [
          [
            1.0,
            0.0,
            0.0
          ],
          [
            0.0,
            1.0,
            0.0
          ],
          [
            0.0,
            0.0,
            1.0
          ]
        ]
      ]
    },
    {
      "time_sec": 0.254286,
      "root_offset": [
        0.001787,
        0.001869,
        0.001201
      ],
      "local_rotation_matrices": [
        [
          [
            0.993741,
            0.111695,
            0.001567
          ],
          [
            -0.111666,
            0.992909,
            0.040766
          ],
          [
            0.002998,
            -0.040686,
            0.999168
          ]
        ],
        [
          [
            0.992788,
            -0.119118,
            -0.013511
          ],
          [
            0.119116,
            0.99288,
            -0.000972
          ],
          [
            0.013531,
            -0.000644,
            0.999908
          ]
        ],
        [
          [
            0.968449,
            0.246794,
            0.034646
          ],
          [
            -0.24734,
            0.968849,
            0.012432
          ],
          [
            -0.030498,
            -0.02061,
            0.999322
          ]
        ],
        [
          [
            0.998903,
            -0.036921,
            0.028808
          ],
          [
            0.036615,
            0.999268,
            0.011085
          ],
          [
            -0.029196,
            -0.010018,
            0.999524
          ]
        ],
        [
          [
            0.999008,
            0.044471,
            -0.002518
          ],
          [
            -0.044529,
            0.998493,
            -0.032091
          ],
          [
            0.001087,
            0.032171,
            0.999482
          ]
        ],
        [
          [
            0.997101,
            -0.074476,
            0.015591
          ],
          [
            0.074891,
            0.996799,
            -0.027979
          ],
          [
            -0.013457,
            0.029065,
            0.999487
          ]
        ],
        [
          [
            0.991604,
            0.050446,
            -0.119064
          ],
          [
            -0.059359,
            0.995598,
            -0.072537
          ],
          [
            0.114881,
            0.078996,
            0.990233
          ]
        ],
        [
          [
            0.997226,
            -0.04399,
            -0.060051
          ],
          [
            0.062036,
            0.93699,
            0.343804
          ],
          [
            0.041144,
            -0.346576,
            0.937119
          ]
        ],
        [
          [
            0.997568,
            -0.01774,
            0.067409
          ],
          [
            -0.001057,
            0.963113,
            0.269096
          ],
          [
            -0.069697,
            -0.268512,
            0.960752
          ]
        ],
        [
          [
            0.999748,
            -0.022426,
            0.001254
          ],
          [
            0.022353,
            0.987881,
            -0.153593
          ],
          [
            0.002205,
            0.153583,
            0.988133
          ]
        ],
        [
          [
            0.997597,
            0.060953,
            -0.032928
          ],
          [
            -0.068478,
            0.939594,
            -0.335371
          ],
          [
            0.010497,
            0.33682,
            0.94151
          ]
        ],
        [
          [
            0.984674,
            -0.061309,
            -0.163272
          ],
          [
            0.020057,
            0.969771,
            -0.243191
          ],
          [
            0.173246,
            0.236189,
            0.956138
          ]
        ],
        [
          [
            0.948863,
            0.31359,
            0.03634
          ],
          [
            -0.315232,
            0.947379,
            0.055696
          ],
          [
            -0.016962,
            -0.064304,
            0.997786
          ]
        ],
        [
          [
            0.96752,
            0.130208,
            -0.216682
          ],
          [
            0.033176,
            0.78433,
            0.619456
          ],
          [
            0.250609,
            -0.606525,
            0.754535
          ]
        ],
        [
          [
            0.924094,
            -0.22109,
            0.311719
          ],
          [
            0.00754,
            0.826057,
            0.563536
          ],
          [
            -0.38209,
            -0.51841,
            0.765021
          ]
        ],
        [
          [
            0.924361,
            0.380741,
            -0.024338
          ],
          [
            -0.371492,
            0.912766,
            0.169857
          ],
          [
            0.086887,
            -0.147967,
            0.985168
          ]
        ],
        [
          [
            0.523918,
            0.721128,
            -0.453303
          ],
          [
            -0.453296,
            0.686624,
            0.568393
          ],
          [
            0.721133,
            -0.092311,
            0.686619
          ]
        ],
        [
          [
            0.491344,
            -0.694608,
            0.525454
          ],
          [
            0.312298,
            0.703688,
            0.638195
          ],
          [
            -0.813051,
            -0.149475,
            0.562677
          ]
        ],
        [
          [
            0.94009,
            0.231345,
            0.250419
          ],
          [
            -0.292255,
            0.925077,
            0.242528
          ],
          [
            -0.175549,
            -0.301184,
            0.937268
          ]
        ],
        [
          [
            0.909195,
            -0.241043,
            -0.339503
          ],
          [
            0.335022,
            0.907676,
            0.252754
          ],
          [
            0.247234,
            -0.343543,
            0.90601
          ]
        ],
        [
          [
            0.993141,
            -0.091271,
            -0.073079
          ],
          [
            -0.004896,
            0.59201,
            -0.805916
          ],
          [
            0.11682,
            0.800746,
            0.587502
          ]
        ],
        [
          [
            0.997607,
            0.004424,
            -0.069
          ],
          [
            -0.045461,
            0.793877,
            -0.606376
          ],
          [
            0.052095,
            0.608062,
            0.792178
          ]
        ],
        [
          [
            1.0,
            0.0,
            0.0
          ],
          [
            0.0,
            1.0,
            0.0
          ],
          [
            0.0,
            0.0,
            1.0
          ]
        ],
        [
          [
            1.0,
            0.0,
            0.0
          ],
          [
            0.0,
            1.0,
            0.0
          ],
          [
            0.0,
            0.0,
            1.0
          ]
        ]
      ]
    },
    {
      "time_sec": 0.339048,
      "root_offset": [
        0.003765,
        0.003075,
        0.001063
      ],
      "local_rotation_matrices": [
        [
          [
            0.982631,
            0.185568,
            -0.00082
          ],
          [
            -0.185382,
            0.981829,
            0.040569
          ],
          [
            0.008333,
            -0.039712,
            0.999176
          ]
        ],
        [
          [
            0.991484,
            -0.129588,
            -0.012928
          ],
          [
            0.129738,
            0.991481,
            0.011541
          ],
          [
            0.011322,
            -0.01312,
            0.99985
          ]
        ],
        [
          [
            0.968789,
            0.245211,
            0.036322
          ],
          [
            -0.24589,
            0.969173,
            0.015518
          ],
          [
            -0.031397,
            -0.023965,
            0.99922
          ]
        ],
        [
          [
            0.99852,
            -0.039811,
            0.03704
          ],
          [
            0.039409,
            0.999157,
            0.011522
          ],
          [
            -0.037467,
            -0.010045,
            0.999247
          ]
        ],
        [
          [
            0.999025,
            0.044073,
            -0.002604
          ],
          [
            -0.04414,
            0.998289,
            -0.038361
          ],
          [
            0.000909,
            0.038438,
            0.999261
          ]
        ],
        [
          [
            0.997053,
            -0.074967,
            0.016303
          ],
          [
            0.075557,
            0.996369,
            -0.03925
          ],
          [
            -0.013301,
            0.040366,
            0.999096
          ]
        ],
        [
          [
            0.990663,
            0.054926,
            -0.124781
          ],
          [
            -0.063866,
            0.995584,
            -0.068806
          ],
          [
            0.120451,
            0.076133,
            0.989796
          ]
        ],
        [
          [
            0.992097,
            -0.103424,
            -0.071046
          ],
          [
            0.121587,
            0.932259,
            0.340748
          ],
          [
            0.030991,
            -0.346693,
            0.937467
          ]
        ],
        [
          [
            0.995103,
            -0.081805,
            0.055477
          ],
          [
            0.063221,
            0.958218,
            0.278964
          ],
          [
            -0.07598,
            -0.27409,
            0.958698
          ]
        ],
        [
          [
            0.999764,
            -0.02065,
            -0.006719
          ],
          [
            0.019315,
            0.987018,
            -0.159445
          ],
          [
            0.009925,
            0.159278,
            0.987184
          ]
        ],
        [
          [
            0.997634,
            0.058642,
            -0.035883
          ],
          [
            -0.067373,
            0.937834,
            -0.340483
          ],
          [
            0.013686,
            0.342095,
            0.939566
          ]
        ],
        [
          [
            0.983908,
            -0.066777,
            -0.165728
          ],
          [
            0.024598,
            0.969328,
            -0.244536
          ],
          [
            0.176974,
            0.236525,
            0.955372
          ]
        ],
        [
          [
            0.924382,
            0.381143,
            0.015765
          ],
          [
            -0.381468,
            0.923512,
            0.040092
          ],
          [
            0.000722,
            -0.043074,
            0.999072
          ]
        ],
        [
          [
            0.970896,
            0.126198,
            -0.203555
          ],
          [
            0.02978,
            0.779708,
            0.625435
          ],
          [
            0.237642,
            -0.613294,
            0.753257
          ]
        ],
        [
          [
            0.919209,
            -0.235096,
            0.315888
          ],
          [
            0.018846,
            0.82756,
            0.561061
          ],
          [
            -0.393319,
            -0.509779,
            0.765131
          ]
        ],
        [
          [
            0.868709,
            0.495252,
            -0.008376
          ],
          [
            -0.486923,
            0.856957,
            0.168912
          ],
          [
            0.090831,
            -0.142657,
            0.985596
          ]
        ],
        [
          [
            0.520586,
            0.702548,
            -0.485198
          ],
          [
            -0.449166,
            0.708631,
            0.544144
          ],
          [
            0.726113,
            -0.065339,
            0.684464
          ]
        ],
        [
          [
            0.493552,
            -0.692137,
            0.526643
          ],
          [
            0.317161,
            0.70707,
            0.632029
          ],
          [
            -0.809824,
            -0.144908,
            0.568495
          ]
        ],
        [
          [
            0.936122,
            0.239466,
            0.257549
          ],
          [
            -0.301264,
            0.923872,
            0.236009
          ],
          [
            -0.181426,
            -0.298524,
            0.937
          ]
        ],
        [
          [
            0.912025,
            -0.236653,
            -0.334972
          ],
          [
            0.330008,
            0.908394,
            0.256739
          ],
          [
            0.243529,
            -0.344696,
            0.906575
          ]
        ],
        [
          [
            0.993151,
            -0.093014,
            -0.070705
          ],
          [
            -0.001708,
            0.59354,
            -0.804803
          ],
          [
            0.116824,
            0.799412,
            0.589316
          ]
        ],
        [
          [
            0.99706,
            0.011326,
            -0.075787
          ],
          [
            -0.055411,
            0.78972,
            -0.61096
          ],
          [
            0.052931,
            0.613363,
            0.788026
          ]
        ],
        [
          [
            1.0,
            0.0,
            0.0
          ],
          [
            0.0,
            1.0,
            0.0
          ],
          [
            0.0,
            0.0,
            1.0
          ]
        ],
        [
          [
            1.0,
            0.0,
            0.0
          ],
          [
            0.0,
            1.0,
            0.0
          ],
          [
            0.0,
            0.0,
            1.0
          ]
        ]
      ]
    },
    {
      "time_sec": 0.42381,
      "root_offset": [
        0.006652,
        -0.000123,
        0.001542
      ],
      "local_rotation_matrices": [
        [
          [
            0.956974,
            0.290168,
            -0.001986
          ],
          [
            -0.289792,
            0.956041,
            0.044784
          ],
          [
            0.014894,
            -0.042281,
            0.998995
          ]
        ],
        [
          [
            0.988788,
            -0.148579,
            -0.01494
          ],
          [
            0.148806,
            0.988746,
            0.015457
          ],
          [
            0.012475,
            -0.017507,
            0.999769
          ]
        ],
        [
          [
            0.970598,
            0.237926,
            0.036487
          ],
          [
            -0.238415,
            0.971116,
            0.009631
          ],
          [
            -0.033141,
            -0.018047,
            0.999288
          ]
        ],
        [
          [
            0.998173,
            -0.039463,
            0.045754
          ],
          [
            0.038715,
            0.999103,
            0.017126
          ],
          [
            -0.046389,
            -0.015324,
            0.998806
          ]
        ],
        [
          [
            0.999139,
            0.041464,
            -0.001087
          ],
          [
            -0.041476,
            0.998439,
            -0.037405
          ],
          [
            -0.000465,
            0.037418,
            0.9993
          ]
        ],
        [
          [
            0.997069,
            -0.074721,
            0.016428
          ],
          [
            0.075455,
            0.995901,
            -0.049886
          ],
          [
            -0.012634,
            0.05098,
            0.99862
          ]
        ],
        [
          [
            0.990482,
            0.05883,
            -0.12444
          ],
          [
            -0.068093,
            0.99511,
            -0.071544
          ],
          [
            0.119623,
            0.079337,
            0.989644
          ]
        ],
        [
          [
            0.977613,
            -0.186569,
            -0.097285
          ],
          [
            0.208692,
            0.918724,
            0.335253
          ],
          [
            0.026831,
            -0.348051,
            0.937092
          ]
        ],
        [
          [
            0.984732,
            -0.170742,
            0.033915
          ],
          [
            0.153317,
            0.942941,
            0.295562
          ],
          [
            -0.082445,
            -0.285849,
            0.954722
          ]
        ],
        [
          [
            0.999785,
            -0.014677,
            -0.01464
          ],
          [
            0.012379,
            0.989168,
            -0.146266
          ],
          [
            0.016628,
            0.146053,
            0.989137
          ]
        ],
        [
          [
            0.997959,
            0.060862,
            -0.019314
          ],
          [
            -0.063776,
