{
  "format": "gf5_keyframed_motion",
  "version": 1,
  "name": "Point forward",
  "profile_name": "course_body_24",
  "joint_order": [
    "pelvis",
    "left_hip",
    "right_hip",
    "spine1",
    "left_knee",
    "right_knee",
    "spine2",
    "left_ankle",
    "right_ankle",
    "spine3",
    "left_foot",
    "right_foot",
    "neck",
    "left_collar",
    "right_collar",
    "head",
    "left_shoulder",
    "right_shoulder",
    "left_elbow",
    "right_elbow",
    "left_wrist",
    "right_wrist",
    "left_hand",
    "right_hand"
  ],
  "coordinate_convention": {
    "name": "gf5_viewer_body",
    "up_axis": [
      0.0,
      0.0,
      1.0
    ],
    "forward_axis": [
      0.0,
      1.0,
      0.0
    ],
    "anatomical_right_axis": [
      1.0,
      0.0,
      0.0
    ],
    "native_smpl_to_viewer": "viewer=(-native_x, native_z, native_y)"
  },
  "duration_sec": 2.966667,
  "exported_at": "2026-05-13T23:48:15",
  "source_asset_name": null,
  "source_motion": {
    "format": "amass_npz",
    "path": "staff_tools/motion_fallback/packs/hy_motion_palette/clips/point_forward_01.npz",
    "frame_rate": 30.0,
    "frame_count": 90,
    "pose_source": "poses",
    "translation_source": "trans",
    "start_sec": 0.0,
    "end_sec": 2.966667,
    "sample_fps": 12.0,
    "manifest": "staff_tools/motion_fallback/packs/hy_motion_palette/manifest.json"
  },
  "keyframes": [
    {
      "time_sec": 0.0,
      "root_offset": [
        0.0,
        0.0,
        0.0
      ],
      "local_rotation_matrices": [
        [
          [
            0.999937,
            0.011205,
            -0.000912
          ],
          [
            -0.01122,
            0.999767,
            -0.018437
          ],
          [
            0.000705,
            0.018447,
            0.99983
          ]
        ],
        [
          [
            0.997767,
            -0.012726,
            0.065574
          ],
          [
            0.016467,
            0.998248,
            -0.056826
          ],
          [
            -0.064736,
            0.057778,
            0.996228
          ]
        ],
        [
          [
            0.99754,
            0.045935,
            -0.052957
          ],
          [
            -0.046026,
            0.99894,
            -0.000507
          ],
          [
            0.052877,
            0.002943,
            0.998597
          ]
        ],
        [
          [
            0.998925,
            -0.032581,
            0.032978
          ],
          [
            0.031731,
            0.999159,
            0.025961
          ],
          [
            -0.033796,
            -0.024887,
            0.999119
          ]
        ],
        [
          [
            0.974859,
            -0.222616,
            0.009623
          ],
          [
            0.220667,
            0.970515,
            0.096986
          ],
          [
            -0.03093,
            -0.092425,
            0.995239
          ]
        ],
        [
          [
            0.998847,
            0.047847,
            0.003934
          ],
          [
            -0.048008,
            0.995815,
            0.077771
          ],
          [
            -0.000196,
            -0.07787,
            0.996964
          ]
        ],
        [
          [
            0.998141,
            0.038638,
            -0.047144
          ],
          [
            -0.041314,
            0.997509,
            -0.057178
          ],
          [
            0.044817,
            0.05902,
            0.99725
          ]
        ],
        [
          [
            0.989415,
            -0.091591,
            -0.112559
          ],
          [
            0.090949,
            0.995797,
            -0.010833
          ],
          [
            0.113078,
            0.000481,
            0.993586
          ]
        ],
        [
          [
            0.990765,
            0.106587,
            0.083803
          ],
          [
            -0.102525,
            0.993402,
            -0.051385
          ],
          [
            -0.088727,
            0.042319,
            0.995157
          ]
        ],
        [
          [
            0.999363,
            -0.030236,
            0.018963
          ],
          [
            0.030338,
            0.999527,
            -0.00513
          ],
          [
            -0.018799,
            0.005702,
            0.999807
          ]
        ],
        [
          [
            0.998817,
            0.03819,
            0.030111
          ],
          [
            -0.038435,
            0.999232,
            0.00759
          ],
          [
            -0.029798,
            -0.008738,
            0.999518
          ]
        ],
        [
          [
            0.996131,
            -0.006182,
            -0.087661
          ],
          [
            0.001965,
            0.99884,
            -0.048108
          ],
          [
            0.087857,
            0.04775,
            0.994988
          ]
        ],
        [
          [
            0.995637,
            -0.000177,
            -0.093313
          ],
          [
            0.007085,
            0.997255,
            0.073706
          ],
          [
            0.093044,
            -0.074045,
            0.992905
          ]
        ],
        [
          [
            0.931019,
            -0.037519,
            -0.363037
          ],
          [
            0.054401,
            0.997856,
            0.036388
          ],
          [
            0.360894,
            -0.053628,
            0.931064
          ]
        ],
        [
          [
            0.922088,
            -0.080364,
            0.378544
          ],
          [
            0.076139,
            0.996754,
            0.026145
          ],
          [
            -0.379417,
            0.004714,
            0.925214
          ]
        ],
        [
          [
            0.978715,
            -0.186987,
            0.084577
          ],
          [
            0.189966,
            0.981374,
            -0.028591
          ],
          [
            -0.077655,
            0.044049,
            0.996007
          ]
        ],
        [
          [
            0.441251,
            -0.231776,
            -0.866936
          ],
          [
            0.038132,
            0.97004,
            -0.239933
          ],
          [
            0.896573,
            0.072813,
            0.436869
          ]
        ],
        [
          [
            0.427207,
            0.186606,
            0.884688
          ],
          [
            -0.090672,
            0.98238,
            -0.163428
          ],
          [
            -0.899596,
            -0.010399,
            0.436599
          ]
        ],
        [
          [
            0.960701,
            0.269749,
            0.065489
          ],
          [
            -0.2746,
            0.958048,
            0.082091
          ],
          [
            -0.040597,
            -0.096849,
            0.994471
          ]
        ],
        [
          [
            0.953778,
            -0.275257,
            -0.120588
          ],
          [
            0.284036,
            0.956766,
            0.06262
          ],
          [
            0.098138,
            -0.093977,
            0.990726
          ]
        ],
        [
          [
            0.99192,
            -0.12686,
            -0.001452
          ],
          [
            0.116994,
            0.910236,
            0.397219
          ],
          [
            -0.049069,
            -0.39418,
            0.917722
          ]
        ],
        [
          [
            0.984061,
            0.177712,
            -0.006462
          ],
          [
            -0.177813,
            0.983812,
            -0.022291
          ],
          [
            0.002396,
            0.023085,
            0.999731
          ]
        ],
        [
          [
            1.0,
            0.0,
            0.0
          ],
          [
            0.0,
            1.0,
            0.0
          ],
          [
            0.0,
            0.0,
            1.0
          ]
        ],
        [
          [
            1.0,
            0.0,
            0.0
          ],
          [
            0.0,
            1.0,
            0.0
          ],
          [
            0.0,
            0.0,
            1.0
          ]
        ]
      ]
    },
    {
      "time_sec": 0.084762,
      "root_offset": [
        -0.001303,
        -0.005194,
        -0.000297
      ],
      "local_rotation_matrices": [
        [
          [
            0.999932,
            0.011304,
            -0.002787
          ],
          [
            -0.01136,
            0.999714,
            -0.021064
          ],
          [
            0.002548,
            0.021094,
            0.999774
          ]
        ],
        [
          [
            0.997612,
            -0.011368,
            0.06812
          ],
          [
            0.015453,
            0.998094,
            -0.059746
          ],
          [
            -0.067311,
            0.060656,
            0.995887
          ]
        ],
        [
          [
            0.99761,
            0.047695,
            -0.049994
          ],
          [
            -0.047914,
            0.998846,
            -0.003191
          ],
          [
            0.049785,
            0.005578,
            0.998744
          ]
        ],
        [
          [
            0.998888,
            -0.032081,
            0.034549
          ],
          [
            0.031188,
            0.999173,
            0.026081
          ],
          [
            -0.035357,
            -0.024975,
            0.999063
          ]
        ],
        [
          [
            0.973873,
            -0.226867,
            0.010105
          ],
          [
            0.224665,
            0.968997,
            0.102813
          ],
          [
            -0.033116,
            -0.097857,
            0.994649
          ]
        ],
        [
          [
            0.99929,
            0.03748,
            0.003919
          ],
          [
            -0.037678,
            0.995526,
            0.086649
          ],
          [
            -0.000654,
            -0.086735,
            0.996231
          ]
        ],
        [
          [
            0.998143,
            0.039458,
            -0.046409
          ],
          [
            -0.041713,
            0.997944,
            -0.048668
          ],
          [
            0.044393,
            0.050514,
            0.997736
          ]
        ],
        [
          [
            0.990041,
            -0.085616,
            -0.111754
          ],
          [
            0.085026,
            0.996328,
            -0.010044
          ],
          [
            0.112204,
            0.000442,
            0.993685
          ]
        ],
        [
          [
            0.989929,
            0.114492,
            0.083263
          ],
          [
            -0.110243,
            0.992439,
            -0.053964
          ],
          [
            -0.088812,
            0.044241,
            0.995065
          ]
        ],
        [
          [
            0.999284,
            -0.029635,
            0.023502
          ],
          [
            0.0298,
            0.999533,
            -0.006718
          ],
          [
            -0.023292,
            0.007414,
            0.999701
          ]
        ],
        [
          [
            0.999042,
            0.035861,
            0.025085
          ],
          [
            -0.036016,
            0.999334,
            0.00579
          ],
          [
            -0.024861,
            -0.006688,
            0.999669
          ]
        ],
        [
          [
            0.995719,
            -0.006861,
            -0.092179
          ],
          [
            0.002768,
            0.999008,
            -0.044453
          ],
          [
            0.092392,
            0.044008,
            0.99475
          ]
        ],
        [
          [
            0.996077,
            0.002559,
            -0.088453
          ],
          [
            0.003631,
            0.997558,
            0.069743
          ],
          [
            0.088416,
            -0.069791,
            0.993636
          ]
        ],
        [
          [
            0.932537,
            -0.026601,
            -0.360094
          ],
          [
            0.046266,
            0.997865,
            0.046101
          ],
          [
            0.358099,
            -0.059651,
            0.931776
          ]
        ],
        [
          [
            0.922333,
            -0.095734,
            0.374348
          ],
          [
            0.088272,
            0.995406,
            0.037071
          ],
          [
            -0.376178,
            -0.001147,
            0.926547
          ]
        ],
        [
          [
            0.980864,
            -0.184115,
            0.063301
          ],
          [
            0.186085,
            0.98217,
            -0.026731
          ],
          [
            -0.057251,
            0.037999,
            0.997636
          ]
        ],
        [
          [
            0.438524,
            -0.230036,
            -0.868781
          ],
          [
            0.028808,
            0.969789,
            -0.24224
          ],
          [
            0.898257,
            0.0812,
            0.431903
          ]
        ],
        [
          [
            0.422035,
            0.19546,
            0.885258
          ],
          [
            -0.091624,
            0.980678,
            -0.172848
          ],
          [
            -0.901938,
            -0.008163,
            0.431789
          ]
        ],
        [
          [
            0.963534,
            0.259455,
            0.065456
          ],
          [
            -0.264275,
            0.96106,
            0.080759
          ],
          [
            -0.041954,
            -0.095112,
            0.994582
          ]
        ],
        [
          [
            0.951699,
            -0.283107,
            -0.118827
          ],
          [
            0.290295,
            0.955735,
            0.047953
          ],
          [
            0.099991,
            -0.080132,
            0.991756
          ]
        ],
        [
          [
            0.992043,
            -0.125882,
            0.002083
          ],
          [
            0.114495,
            0.908943,
            0.400892
          ],
          [
            -0.052358,
            -0.397464,
            0.916123
          ]
        ],
        [
          [
            0.982181,
            0.187774,
            -0.007883
          ],
          [
            -0.187909,
            0.981912,
            -0.023219
          ],
          [
            0.00338,
            0.024287,
            0.999699
          ]
        ],
        [
          [
            1.0,
            0.0,
            0.0
          ],
          [
            0.0,
            1.0,
            0.0
          ],
          [
            0.0,
            0.0,
            1.0
          ]
        ],
        [
          [
            1.0,
            0.0,
            0.0
          ],
          [
            0.0,
            1.0,
            0.0
          ],
          [
            0.0,
            0.0,
            1.0
          ]
        ]
      ]
    },
    {
      "time_sec": 0.169524,
      "root_offset": [
        -0.000627,
        -0.007934,
        -0.00034
      ],
      "local_rotation_matrices": [
        [
          [
            0.999949,
            0.008924,
            -0.004818
          ],
          [
            -0.009038,
            0.999666,
            -0.024192
          ],
          [
            0.0046,
            0.024235,
            0.999696
          ]
        ],
        [
          [
            0.997436,
            -0.008886,
            0.071012
          ],
          [
            0.013328,
            0.997967,
            -0.062326
          ],
          [
            -0.070314,
            0.063112,
            0.995526
          ]
        ],
        [
          [
            0.997665,
            0.050098,
            -0.046418
          ],
          [
            -0.050386,
            0.998717,
            -0.005056
          ],
          [
            0.046105,
            0.007383,
            0.998909
          ]
        ],
        [
          [
            0.998873,
            -0.031037,
            0.035914
          ],
          [
            0.03009,
            0.999192,
            0.02663
          ],
          [
            -0.036712,
            -0.025519,
            0.999
          ]
        ],
        [
          [
            0.972427,
            -0.232899,
            0.011975
          ],
          [
            0.230207,
            0.966863,
            0.110367
          ],
          [
            -0.037283,
            -0.104567,
            0.993819
          ]
        ],
        [
          [
            0.999606,
            0.02774,
            0.004363
          ],
          [
            -0.028028,
            0.995135,
            0.09445
          ],
          [
            -0.001721,
            -0.094535,
            0.99552
          ]
        ],
        [
          [
            0.998117,
            0.041682,
            -0.044998
          ],
          [
            -0.043499,
            0.998245,
            -0.040174
          ],
          [
            0.043244,
            0.042056,
            0.998179
          ]
        ],
        [
          [
            0.990742,
            -0.077076,
            -0.111761
          ],
          [
            0.076547,
            0.997025,
            -0.009022
          ],
          [
            0.112124,
            0.000384,
            0.993694
          ]
        ],
        [
          [
            0.988778,
            0.124901,
            0.081963
          ],
          [
            -0.120398,
            0.991043,
            -0.057772
          ],
          [
            -0.088445,
            0.047256,
            0.994959
          ]
        ],
        [
          [
            0.999212,
            -0.02772,
            0.028413
          ],
          [
            0.028005,
            0.999561,
            -0.009686
          ],
          [
            -0.028132,
            0.010474,
            0.999549
          ]
        ],
        [
          [
            0.999237,
            0.03395,
            0.019312
          ],
          [
            -0.034029,
            0.999414,
            0.003734
          ],
          [
            -0.019174,
            -0.004388,
            0.999807
          ]
        ],
        [
          [
            0.995253,
            -0.007559,
            -0.097028
          ],
          [
            0.003668,
            0.999184,
            -0.040211
          ],
          [
            0.097253,
            0.039664,
            0.994469
          ]
        ],
        [
          [
            0.996221,
            0.003726,
            -0.08677
          ],
          [
            0.002049,
            0.997793,
            0.066368
          ],
          [
            0.086826,
            -0.066295,
            0.994015
          ]
        ],
        [
          [
            0.934262,
            -0.013103,
            -0.356346
          ],
          [
            0.036562,
            0.997578,
            0.059176
          ],
          [
            0.354708,
            -0.068314,
            0.932478
          ]
        ],
        [
          [
            0.922377,
            -0.115468,
            0.368628
          ],
          [
            0.104148,
            0.993277,
            0.050533
          ],
          [
            -0.371985,
            -0.008218,
            0.928202
          ]
        ],
        [
          [
            0.982362,
            -0.181961,
            0.043076
          ],
          [
            0.183025,
            0.982858,
            -0.022179
          ],
          [
            -0.038301,
            0.029672,
            0.998826
          ]
        ],
        [
          [
            0.43596,
            -0.228759,
            -0.870407
          ],
          [
            0.019211,
            0.9693,
            -0.245128
          ],
          [
            0.899761,
            0.090145,
            0.426971
          ]
        ],
        [
          [
            0.418524,
            0.199889,
            0.885936
          ],
          [
            -0.095319,
            0.979759,
            -0.176028
          ],
          [
            -0.90319,
            -0.010775,
            0.429106
          ]
        ],
        [
          [
            0.967582,
            0.24396,
            0.06534
          ],
          [
            -0.248759,
            0.965286,
            0.079633
          ],
          [
            -0.043644,
            -0.093305,
            0.994681
          ]
        ],
        [
          [
            0.947328,
            -0.298147,
            -0.116957
          ],
          [
            0.302808,
            0.952751,
            0.023933
          ],
          [
            0.104295,
            -0.058088,
            0.992849
          ]
        ],
        [
          [
            0.991968,
            -0.126487,
            0.000985
          ],
          [
            0.115542,
            0.909243,
            0.399909
          ],
          [
            -0.051479,
            -0.396583,
            0.916554
          ]
        ],
        [
          [
            0.981447,
            0.191551,
            -0.008426
          ],
          [
            -0.191727,
            0.980882,
            -0.033335
          ],
          [
            0.001879,
            0.034332,
            0.999409
          ]
        ],
        [
          [
            1.0,
            0.0,
            0.0
          ],
          [
            0.0,
            1.0,
            0.0
          ],
          [
            0.0,
            0.0,
            1.0
          ]
        ],
        [
          [
            1.0,
            0.0,
            0.0
          ],
          [
            0.0,
            1.0,
            0.0
          ],
          [
            0.0,
            0.0,
            1.0
          ]
        ]
      ]
    },
    {
      "time_sec": 0.254286,
      "root_offset": [
        0.000188,
        -0.00795,
        7.1e-05
      ],
      "local_rotation_matrices": [
        [
          [
            0.99997,
            -0.002479,
            -0.007338
          ],
          [
            0.002278,
            0.999624,
            -0.027314
          ],
          [
            0.007403,
            0.027297,
            0.9996
          ]
        ],
        [
          [
            0.997178,
            -0.001071,
            0.075071
          ],
          [
            0.006049,
            0.997794,
            -0.066112
          ],
          [
            -0.074834,
            0.06638,
            0.994984
          ]
        ],
        [
          [
            0.997767,
            0.05336,
            -0.040168
          ],
          [
            -0.05352,
            0.998563,
            -0.00292
          ],
          [
            0.039955,
            0.005064,
            0.999189
          ]
        ],
        [
          [
            0.998851,
            -0.029261,
            0.037955
          ],
          [
            0.028319,
            0.999283,
            0.025115
          ],
          [
            -0.038662,
            -0.024011,
            0.998964
          ]
        ],
        [
          [
            0.968972,
            -0.246657,
            0.015915
          ],
          [
            0.243063,
            0.962583,
            0.11981
          ],
          [
            -0.044871,
            -0.112224,
            0.992669
          ]
        ],
        [
          [
            0.999698,
            0.023964,
            0.005428
          ],
          [
            -0.024385,
            0.99477,
            0.099186
          ],
          [
            -0.003023,
            -0.099288,
            0.995054
          ]
        ],
        [
          [
            0.997936,
            0.046858,
            -0.043902
          ],
          [
            -0.048146,
            0.998427,
            -0.028737
          ],
          [
            0.042486,
            0.030792,
            0.998622
          ]
        ],
        [
          [
            0.991847,
            -0.055291,
            -0.114816
          ],
          [
            0.054898,
            0.99847,
            -0.006585
          ],
          [
            0.115005,
            0.000228,
            0.993365
          ]
        ],
        [
          [
            0.98748,
            0.137084,
            0.078042
          ],
          [
            -0.132365,
            0.989213,
            -0.062755
          ],
          [
            -0.085803,
            0.051639,
            0.994973
          ]
        ],
        [
          [
            0.999044,
            -0.024154,
            0.036445
          ],
          [
            0.024934,
            0.999467,
            -0.021093
          ],
          [
            -0.035916,
            0.021982,
            0.999113
          ]
        ],
        [
          [
            0.999469,
            0.031013,
            0.009971
          ],
          [
            -0.031032,
            0.999517,
            0.001807
          ],
          [
            -0.00991,
            -0.002116,
            0.999949
          ]
        ],
        [
          [
            0.994561,
            -0.006707,
            -0.103941
          ],
          [
            0.003194,
            0.999419,
            -0.033924
          ],
          [
            0.104108,
            0.033407,
            0.994005
          ]
        ],
        [
          [
            0.99628,
            0.004672,
            -0.086047
          ],
          [
            0.001179,
            0.997697,
            0.06782
          ],
          [
            0.086166,
            -0.067669,
            0.99398
          ]
        ],
        [
          [
            0.938505,
            0.000459,
            -0.345264
          ],
          [
            0.027982,
            0.996609,
            0.077385
          ],
          [
            0.344129,
            -0.082287,
            0.93531
          ]
        ],
        [
          [
            0.931543,
            -0.134074,
            0.338011
          ],
          [
            0.118338,
            0.990721,
            0.066841
          ],
          [
            -0.343837,
            -0.022266,
            0.938765
          ]
        ],
        [
          [
            0.983645,
            -0.179363,
            0.0165
          ],
          [
            0.179534,
            0.983705,
            -0.009544
          ],
          [
            -0.01452,
            0.01235,
            0.999818
          ]
        ],
        [
          [
            0.425573,
            -0.225179,
            -0.87646
          ],
          [
            0.009304,
            0.969583,
            -0.244587
          ],
          [
            0.904876,
            0.095935,
            0.414723
          ]
        ],
        [
          [
            0.405399,
            0.207824,
            0.890203
          ],
          [
            -0.137691,
            0.976587,
            -0.165287
          ],
          [
            -0.903711,
            -0.055566,
            0.424523
          ]
        ],
        [
          [
            0.974103,
            0.216628,
            0.064775
          ],
          [
            -0.221268,
            0.972248,
            0.075993
          ],
          [
            -0.046515,
            -0.088358,
            0.995002
          ]
        ],
        [
          [
            0.896631,
            -0.430677,
            -0.102807
          ],
          [
            0.43119,
            0.902075,
            -0.018331
          ],
          [
            0.100634,
            -0.027893,
            0.994532
          ]
        ],
        [
          [
            0.991517,
            -0.12967,
            -0.008966
          ],
          [
            0.122637,
            0.910417,
            0.395097
          ],
          [
            -0.04307,
            -0.392845,
            0.918596
          ]
        ],
        [
          [
            0.984812,
            0.173355,
            -0.00966
          ],
          [
            -0.173513,
            0.984649,
            -0.018974
          ],
          [
            0.006222,
            0.020362,
            0.999773
          ]
        ],
        [
          [
            1.0,
            0.0,
            0.0
          ],
          [
            0.0,
            1.0,
            0.0
          ],
          [
            0.0,
            0.0,
            1.0
          ]
        ],
        [
          [
            1.0,
            0.0,
            0.0
          ],
          [
            0.0,
            1.0,
            0.0
          ],
          [
            0.0,
            0.0,
            1.0
          ]
        ]
      ]
    },
    {
      "time_sec": 0.339048,
      "root_offset": [
        0.000807,
        -0.005543,
        0.000245
      ],
      "local_rotation_matrices": [
        [
          [
            0.999804,
            -0.018357,
            -0.007375
          ],
          [
            0.018148,
            0.999457,
            -0.027514
          ],
          [
            0.007876,
            0.027375,
            0.999594
          ]
        ],
        [
          [
            0.997059,
            0.006169,
            0.076391
          ],
          [
            -0.000944,
            0.997667,
            -0.068256
          ],
          [
            -0.076634,
            0.067983,
            0.994739
          ]
        ],
        [
          [
            0.997719,
            0.05666,
            -0.036699
          ],
          [
            -0.056621,
            0.998394,
            0.002093
          ],
          [
            0.036759,
            -1e-05,
            0.999324
          ]
        ],
        [
          [
            0.998869,
            -0.02839,
            0.038132
          ],
          [
            0.02764,
            0.999417,
            0.020047
          ],
          [
            -0.038678,
            -0.01897,
            0.999072
          ]
        ],
        [
          [
            0.965503,
            -0.259683,
            0.019206
          ],
          [
            0.255471,
            0.958946,
            0.123111
          ],
          [
            -0.050388,
            -0.113958,
            0.992207
          ]
        ],
        [
          [
            0.999412,
            0.033811,
            0.005767
          ],
          [
            -0.034212,
            0.994666,
            0.097311
          ],
          [
            -0.002446,
            -0.097451,
            0.995237
          ]
        ],
        [
          [
            0.997707,
            0.051528,
            -0.043881
          ],
          [
            -0.052355,
            0.998468,
            -0.017914
          ],
          [
            0.042891,
            0.020171,
            0.998876
          ]
        ],
        [
          [
            0.992882,
            -0.027962,
            -0.115773
          ],
          [
            0.02783,
            0.999609,
            -0.002765
          ],
          [
            0.115805,
            -0.000477,
            0.993272
          ]
        ],
        [
          [
            0.987953,
            0.135764,
            0.074271
          ],
          [
            -0.131002,
            0.989207,
            -0.065642
          ],
          [
            -0.082381,
            0.055122,
            0.995075
          ]
        ],
        [
          [
            0.998821,
            -0.022379,
            0.04307
          ],
          [
            0.024064,
            0.998949,
            -0.039005
          ],
          [
            -0.042152,
            0.039995,
            0.99831
          ]
        ],
        [
          [
            0.999675,
            0.025438,
            0.001866
          ],
          [
            -0.025436,
            0.999676,
            -0.000884
          ],
          [
            -0.001888,
            0.000837,
            0.999998
          ]
        ],
        [
          [
            0.994055,
            -0.000371,
            -0.108882
          ],
          [
            -0.002774,
            0.999583,
            -0.02873
          ],
          [
            0.108848,
            0.028861,
            0.993639
          ]
        ],
        [
          [
            0.99691,
            0.004224,
            -0.078444
          ],
          [
            0.001528,
            0.997322,
            0.073125
          ],
          [
            0.078543,
            -0.073019,
            0.994233
          ]
        ],
        [
          [
            0.942182,
            -0.007441,
            -0.335019
          ],
          [
            0.037871,
            0.995713,
            0.084389
          ],
          [
            0.332955,
            -0.092198,
            0.938425
          ]
        ],
        [
          [
            0.952388,
            -0.132186,
            0.274745
          ],
          [
            0.118837,
            0.9908,
            0.064754
          ],
          [
            -0.280777,
            -0.029021,
            0.959334
          ]
        ],
        [
          [
            0.984573,
            -0.174859,
            -0.006388
          ],
          [
            0.174892,
            0.984575,
            0.005014
          ],
          [
            0.005413,
            -0.006054,
            0.999967
          ]
        ],
        [
          [
            0.40961,
            -0.226713,
            -0.883641
          ],
          [
            0.008285,
            0.969512,
            -0.244904
          ],
          [
            0.912223,
            0.092994,
            0.399
          ]
        ],
        [
          [
            0.368361,
            0.221428,
            0.902928
          ],
          [
            -0.204205,
            0.966774,
            -0.153777
          ],
          [
            -0.906979,
            -0.127737,
            0.401339
          ]
        ],
        [
          [
            0.975513,
            0.211025,
            0.061992
          ],
          [
            -0.215175,
            0.97404,
            0.07033
          ],
          [
            -0.045542,
            -0.081947,
            0.995596
          ]
        ],
        [
          [
            0.736867,
            -0.671569,
            -0.077601
          ],
          [
            0.671226,
            0.740457,
            -0.034331
          ],
          [
            0.080516,
            -0.026791,
            0.996393
          ]
        ],
        [
          [
            0.991853,
            -0.126998,
            -0.010009
          ],
          [
            0.120132,
            0.906296,
            0.405212
          ],
          [
            -0.04239,
            -0.403113,
            0.914168
          ]
        ],
        [
          [
            0.985199,
            0.168753,
            -0.030098
          ],
          [
            -0.166118,
            0.983231,
            0.07524
          ],
          [
            0.042291,
            -0.069127,
            0.996711
          ]
        ],
        [
          [
            1.0,
            0.0,
            0.0
          ],
          [
            0.0,
            1.0,
            0.0
          ],
          [
            0.0,
            0.0,
            1.0
          ]
        ],
        [
          [
            1.0,
            0.0,
            0.0
          ],
          [
            0.0,
            1.0,
            0.0
          ],
          [
            0.0,
            0.0,
            1.0
          ]
        ]
      ]
    },
    {
      "time_sec": 0.42381,
      "root_offset": [
        0.003455,
        -0.002543,
        0.000275
      ],
      "local_rotation_matrices": [
        [
          [
            0.998576,
            -0.0529,
            -0.006915
          ],
          [
            0.05273,
            0.998349,
            -0.022781
          ],
          [
            0.008109,
            0.022384,
            0.999717
          ]
        ],
        [
          [
            0.996697,
            0.017454,
            0.079311
          ],
          [
            -0.011482,
            0.997107,
            -0.075141
          ],
          [
            -0.080393,
            0.073982,
            0.994014
          ]
        ],
        [
          [
            0.997565,
            0.062828,
            -0.03027
          ],
          [
            -0.062532,
            0.997986,
            0.010626
          ],
          [
            0.030877,
            -0.008707,
            0.999485
          ]
        ],
        [
          [
            0.998757,
            -0.031397,
            0.038706
          ],
          [
            0.031037,
            0.99947,
            0.009855
          ],
          [
            -0.038994,
            -0.008641,
            0.999202
          ]
        ],
        [
          [
            0.959768,
            -0.279788,
            0.023763
          ],
          [
            0.274926,
            0.953547,
            0.123143
          ],
          [
            -0.057114,
            -0.111656,
            0.992104
          ]
        ],
        [
          [
            0.997959,
            0.063578,
            0.006038
          ],
          [
            -0.063864,
            0.993946,
            0.089402
          ],
          [
            -0.000317,
            -0.089605,
            0.995977
          ]
        ],
        [
          [
            0.997683,
            0.050515,
            -0.045568
          ],
          [
            -0.050825,
            0.998692,
            -0.005652
          ],
          [
            0.045223,
            0.007955,
            0.998945
          ]
        ],
        [
          [
            0.993124,
            0.024683,
            -0.114437
          ],
          [
            -0.024165,
            0.99969,
            0.00592
          ],
          [
            0.114547,
            -0.003114,
            0.993413
          ]
        ],
        [
          [
            0.990181,
            0.124471,
            0.063627
          ],
          [
            -0.120117,
            0.990413,
            -0.068214
          ],
          [
            -0.071507,
            0.059902,
            0.99564
          ]
        ],
        [
          [
            0.998332,
            -0.028243,
            0.050346
          ],
          [
            0.031821,
            0.996915,
            -0.071749
          ],
          [
            -0.048164,
            0.073232,
            0.996151
          ]
        ],
        [
          [
            0.999833,
            0.015965,
            -0.008846
          ],
          [
