{
  "format": "gf5_keyframed_motion",
  "version": 1,
  "name": "Present to side",
  "profile_name": "course_body_24",
  "joint_order": [
    "pelvis",
    "left_hip",
    "right_hip",
    "spine1",
    "left_knee",
    "right_knee",
    "spine2",
    "left_ankle",
    "right_ankle",
    "spine3",
    "left_foot",
    "right_foot",
    "neck",
    "left_collar",
    "right_collar",
    "head",
    "left_shoulder",
    "right_shoulder",
    "left_elbow",
    "right_elbow",
    "left_wrist",
    "right_wrist",
    "left_hand",
    "right_hand"
  ],
  "coordinate_convention": {
    "name": "gf5_viewer_body",
    "up_axis": [
      0.0,
      0.0,
      1.0
    ],
    "forward_axis": [
      0.0,
      1.0,
      0.0
    ],
    "anatomical_right_axis": [
      1.0,
      0.0,
      0.0
    ],
    "native_smpl_to_viewer": "viewer=(-native_x, native_z, native_y)"
  },
  "duration_sec": 2.966667,
  "exported_at": "2026-05-13T23:48:15",
  "source_asset_name": null,
  "source_motion": {
    "format": "amass_npz",
    "path": "staff_tools/motion_fallback/packs/hy_motion_palette/clips/present_left_01.npz",
    "frame_rate": 30.0,
    "frame_count": 90,
    "pose_source": "poses",
    "translation_source": "trans",
    "start_sec": 0.0,
    "end_sec": 2.966667,
    "sample_fps": 12.0,
    "manifest": "staff_tools/motion_fallback/packs/hy_motion_palette/manifest.json"
  },
  "keyframes": [
    {
      "time_sec": 0.0,
      "root_offset": [
        0.0,
        0.0,
        0.0
      ],
      "local_rotation_matrices": [
        [
          [
            0.999959,
            0.008582,
            -0.002936
          ],
          [
            -0.008412,
            0.998516,
            0.05381
          ],
          [
            0.003393,
            -0.053783,
            0.998547
          ]
        ],
        [
          [
            0.991691,
            -0.127906,
            -0.013741
          ],
          [
            0.126917,
            0.990232,
            -0.057736
          ],
          [
            0.020991,
            0.055512,
            0.998237
          ]
        ],
        [
          [
            0.986032,
            0.166008,
            0.013501
          ],
          [
            -0.164531,
            0.983442,
            -0.075964
          ],
          [
            -0.025888,
            0.072682,
            0.997019
          ]
        ],
        [
          [
            0.999831,
            0.017197,
            -0.006455
          ],
          [
            -0.016996,
            0.999402,
            0.030101
          ],
          [
            0.006969,
            -0.029986,
            0.999526
          ]
        ],
        [
          [
            0.997882,
            0.06502,
            -0.00214
          ],
          [
            -0.064779,
            0.996136,
            0.059293
          ],
          [
            0.005987,
            -0.059029,
            0.998238
          ]
        ],
        [
          [
            0.999364,
            -0.035558,
            -0.002804
          ],
          [
            0.035628,
            0.998875,
            0.031287
          ],
          [
            0.001689,
            -0.031367,
            0.999506
          ]
        ],
        [
          [
            0.998118,
            -0.021892,
            0.05729
          ],
          [
            0.028197,
            0.993344,
            -0.111682
          ],
          [
            -0.054464,
            0.113087,
            0.992091
          ]
        ],
        [
          [
            0.980824,
            -0.161157,
            -0.109601
          ],
          [
            0.185179,
            0.945945,
            0.266265
          ],
          [
            0.060766,
            -0.281455,
            0.957648
          ]
        ],
        [
          [
            0.994591,
            -0.016664,
            0.102522
          ],
          [
            -0.017906,
            0.944762,
            0.327269
          ],
          [
            -0.102312,
            -0.327334,
            0.939353
          ]
        ],
        [
          [
            0.999787,
            0.006456,
            -0.019598
          ],
          [
            -0.007878,
            0.997272,
            -0.073393
          ],
          [
            0.019071,
            0.073532,
            0.99711
          ]
        ],
        [
          [
            0.990831,
            0.034005,
            0.130761
          ],
          [
            0.01061,
            0.945238,
            -0.32621
          ],
          [
            -0.134693,
            0.324606,
            0.93621
          ]
        ],
        [
          [
            0.980613,
            -0.131993,
            -0.144833
          ],
          [
            0.085298,
            0.952936,
            -0.290925
          ],
          [
            0.176417,
            0.272931,
            0.94572
          ]
        ],
        [
          [
            0.995368,
            -0.09479,
            -0.016013
          ],
          [
            0.09583,
            0.991594,
            0.086941
          ],
          [
            0.007638,
            -0.088072,
            0.996085
          ]
        ],
        [
          [
            0.94755,
            -0.013952,
            -0.319303
          ],
          [
            0.129972,
            0.929529,
            0.345084
          ],
          [
            0.291987,
            -0.368485,
            0.882589
          ]
        ],
        [
          [
            0.93355,
            0.087007,
            0.347727
          ],
          [
            -0.222388,
            0.901403,
            0.371504
          ],
          [
            -0.281119,
            -0.424148,
            0.860855
          ]
        ],
        [
          [
            0.998479,
            0.054877,
            -0.00522
          ],
          [
            -0.05493,
            0.998435,
            -0.01053
          ],
          [
            0.004634,
            0.010801,
            0.999931
          ]
        ],
        [
          [
            0.430858,
            0.739671,
            -0.516961
          ],
          [
            -0.301811,
            0.657983,
            0.689904
          ],
          [
            0.850453,
            -0.141226,
            0.506739
          ]
        ],
        [
          [
            0.48763,
            -0.830735,
            0.268508
          ],
          [
            0.405472,
            0.487864,
            0.773033
          ],
          [
            -0.773181,
            -0.268082,
            0.574737
          ]
        ],
        [
          [
            0.940358,
            0.170086,
            0.294616
          ],
          [
            -0.260898,
            0.916345,
            0.303717
          ],
          [
            -0.218311,
            -0.362467,
            0.906067
          ]
        ],
        [
          [
            0.942706,
            -0.223452,
            -0.24774
          ],
          [
            0.284877,
            0.92562,
            0.249144
          ],
          [
            0.173641,
            -0.305445,
            0.936244
          ]
        ],
        [
          [
            0.997555,
            -0.004904,
            0.069715
          ],
          [
            0.044201,
            0.816952,
            -0.575009
          ],
          [
            -0.054134,
            0.576684,
            0.815172
          ]
        ],
        [
          [
            0.99518,
            0.064155,
            0.074174
          ],
          [
            0.006556,
            0.711131,
            -0.703029
          ],
          [
            -0.09785,
            0.700127,
            0.707282
          ]
        ],
        [
          [
            1.0,
            0.0,
            0.0
          ],
          [
            0.0,
            1.0,
            0.0
          ],
          [
            0.0,
            0.0,
            1.0
          ]
        ],
        [
          [
            1.0,
            0.0,
            0.0
          ],
          [
            0.0,
            1.0,
            0.0
          ],
          [
            0.0,
            0.0,
            1.0
          ]
        ]
      ]
    },
    {
      "time_sec": 0.084762,
      "root_offset": [
        0.001255,
        0.000376,
        -1.5e-05
      ],
      "local_rotation_matrices": [
        [
          [
            0.999531,
            0.030339,
            -0.004227
          ],
          [
            -0.030071,
            0.998126,
            0.053289
          ],
          [
            0.005836,
            -0.053137,
            0.99857
          ]
        ],
        [
          [
            0.987997,
            -0.154261,
            -0.008104
          ],
          [
            0.15358,
            0.986562,
            -0.055753
          ],
          [
            0.016596,
            0.053839,
            0.998412
          ]
        ],
        [
          [
            0.987745,
            0.154974,
            0.01851
          ],
          [
            -0.153212,
            0.985393,
            -0.074337
          ],
          [
            -0.02976,
            0.07059,
            0.997061
          ]
        ],
        [
          [
            0.999819,
            0.016418,
            -0.009586
          ],
          [
            -0.016115,
            0.999392,
            0.030909
          ],
          [
            0.010088,
            -0.030749,
            0.999476
          ]
        ],
        [
          [
            0.997697,
            0.067761,
            -0.003032
          ],
          [
            -0.067461,
            0.995942,
            0.059571
          ],
          [
            0.007056,
            -0.05923,
            0.998219
          ]
        ],
        [
          [
            0.99934,
            -0.036221,
            -0.002886
          ],
          [
            0.036283,
            0.999019,
            0.025371
          ],
          [
            0.001964,
            -0.025459,
            0.999674
          ]
        ],
        [
          [
            0.99818,
            -0.021998,
            0.056149
          ],
          [
            0.028262,
            0.993157,
            -0.113318
          ],
          [
            -0.053272,
            0.114699,
            0.991971
          ]
        ],
        [
          [
            0.981778,
            -0.154928,
            -0.11004
          ],
          [
            0.179258,
            0.947243,
            0.2657
          ],
          [
            0.06307,
            -0.280584,
            0.957755
          ]
        ],
        [
          [
            0.994395,
            -0.027469,
            0.1021
          ],
          [
            -0.008483,
            0.941821,
            0.336008
          ],
          [
            -0.10539,
            -0.334991,
            0.936309
          ]
        ],
        [
          [
            0.999881,
            0.007138,
            -0.013707
          ],
          [
            -0.008108,
            0.997368,
            -0.072046
          ],
          [
            0.013157,
            0.072149,
            0.997307
          ]
        ],
        [
          [
            0.99132,
            0.032873,
            0.127294
          ],
          [
            0.010983,
            0.944143,
            -0.329353
          ],
          [
            -0.131011,
            0.327893,
            0.935587
          ]
        ],
        [
          [
            0.98059,
            -0.130705,
            -0.146151
          ],
          [
            0.08366,
            0.953053,
            -0.291016
          ],
          [
            0.177327,
            0.273141,
            0.945489
          ]
        ],
        [
          [
            0.995958,
            -0.089634,
            -0.005743
          ],
          [
            0.089799,
            0.992387,
            0.084291
          ],
          [
            -0.001856,
            -0.084466,
            0.996425
          ]
        ],
        [
          [
            0.945971,
            -0.017745,
            -0.323765
          ],
          [
            0.135067,
            0.929315,
            0.343702
          ],
          [
            0.294781,
            -0.368862,
            0.881502
          ]
        ],
        [
          [
            0.930575,
            0.083095,
            0.356545
          ],
          [
            -0.223171,
            0.900783,
            0.372539
          ],
          [
            -0.290213,
            -0.426246,
            0.856791
          ]
        ],
        [
          [
            0.998099,
            0.061042,
            -0.008494
          ],
          [
            -0.061173,
            0.997996,
            -0.016203
          ],
          [
            0.007488,
            0.016692,
            0.999833
          ]
        ],
        [
          [
            0.426463,
            0.756533,
            -0.495769
          ],
          [
            -0.31236,
            0.637571,
            0.704227
          ],
          [
            0.848858,
            -0.145468,
            0.508211
          ]
        ],
        [
          [
            0.495758,
            -0.823933,
            0.274515
          ],
          [
            0.400092,
            0.497234,
            0.76986
          ],
          [
            -0.770811,
            -0.271833,
            0.576157
          ]
        ],
        [
          [
            0.945716,
            0.158635,
            0.28365
          ],
          [
            -0.247003,
            0.918057,
            0.310098
          ],
          [
            -0.211214,
            -0.363327,
            0.907404
          ]
        ],
        [
          [
            0.946866,
            -0.216781,
            -0.237594
          ],
          [
            0.275537,
            0.927792,
            0.251559
          ],
          [
            0.165905,
            -0.303658,
            0.938226
          ]
        ],
        [
          [
            0.996945,
            0.006409,
            0.077847
          ],
          [
            0.040053,
            0.813684,
            -0.579926
          ],
          [
            -0.06706,
            0.581272,
            0.810941
          ]
        ],
        [
          [
            0.995878,
            0.061274,
            0.066871
          ],
          [
            0.002947,
            0.715039,
            -0.699078
          ],
          [
            -0.09065,
            0.696394,
            0.711911
          ]
        ],
        [
          [
            1.0,
            0.0,
            0.0
          ],
          [
            0.0,
            1.0,
            0.0
          ],
          [
            0.0,
            0.0,
            1.0
          ]
        ],
        [
          [
            1.0,
            0.0,
            0.0
          ],
          [
            0.0,
            1.0,
            0.0
          ],
          [
            0.0,
            0.0,
            1.0
          ]
        ]
      ]
    },
    {
      "time_sec": 0.169524,
      "root_offset": [
        0.003605,
        0.003022,
        0.000354
      ],
      "local_rotation_matrices": [
        [
          [
            0.998407,
            0.056016,
            -0.006768
          ],
          [
            -0.055608,
            0.997193,
            0.050133
          ],
          [
            0.009557,
            -0.049676,
            0.99872
          ]
        ],
        [
          [
            0.983607,
            -0.180324,
            -0.000921
          ],
          [
            0.180034,
            0.982291,
            -0.051888
          ],
          [
            0.010261,
            0.050872,
            0.998652
          ]
        ],
        [
          [
            0.987961,
            0.153018,
            0.022756
          ],
          [
            -0.151102,
            0.986026,
            -0.070149
          ],
          [
            -0.033172,
            0.065866,
            0.997277
          ]
        ],
        [
          [
            0.999833,
            0.015543,
            -0.009625
          ],
          [
            -0.015232,
            0.999385,
            0.03159
          ],
          [
            0.01011,
            -0.031438,
            0.999455
          ]
        ],
        [
          [
            0.997563,
            0.069673,
            -0.00374
          ],
          [
            -0.069307,
            0.995656,
            0.062174
          ],
          [
            0.008056,
            -0.061763,
            0.998058
          ]
        ],
        [
          [
            0.999244,
            -0.038771,
            -0.002733
          ],
          [
            0.038814,
            0.999081,
            0.018166
          ],
          [
            0.002026,
            -0.018258,
            0.999831
          ]
        ],
        [
          [
            0.99836,
            -0.022291,
            0.05274
          ],
          [
            0.028186,
            0.993102,
            -0.113815
          ],
          [
            -0.049839,
            0.115115,
            0.992101
          ]
        ],
        [
          [
            0.982866,
            -0.149705,
            -0.107527
          ],
          [
            0.17337,
            0.948937,
            0.263556
          ],
          [
            0.06258,
            -0.277683,
            0.958632
          ]
        ],
        [
          [
            0.993518,
            -0.046369,
            0.103788
          ],
          [
            0.00783,
            0.938769,
            0.344459
          ],
          [
            -0.113405,
            -0.341414,
            0.933046
          ]
        ],
        [
          [
            0.999927,
            0.00676,
            -0.010018
          ],
          [
            -0.007462,
            0.997391,
            -0.071808
          ],
          [
            0.009506,
            0.071878,
            0.997368
          ]
        ],
        [
          [
            0.992521,
            0.029354,
            0.118496
          ],
          [
            0.011949,
            0.942641,
            -0.333595
          ],
          [
            -0.121491,
            0.332515,
            0.93524
          ]
        ],
        [
          [
            0.980981,
            -0.126809,
            -0.146953
          ],
          [
            0.080532,
            0.954753,
            -0.28629
          ],
          [
            0.176608,
            0.26901,
            0.946807
          ]
        ],
        [
          [
            0.997638,
            -0.068229,
            0.007935
          ],
          [
            0.067362,
            0.99441,
            0.081313
          ],
          [
            -0.013439,
            -0.080587,
            0.996657
          ]
        ],
        [
          [
            0.942751,
            -0.026564,
            -0.332437
          ],
          [
            0.150029,
            0.924041,
            0.351625
          ],
          [
            0.297844,
            -0.38137,
            0.875126
          ]
        ],
        [
          [
            0.926717,
            0.076448,
            0.367902
          ],
          [
            -0.226131,
            0.895409,
            0.383547
          ],
          [
            -0.300102,
            -0.438633,
            0.847077
          ]
        ],
        [
          [
            0.993599,
            0.112673,
            -0.00815
          ],
          [
            -0.112796,
            0.993479,
            -0.016611
          ],
          [
            0.006225,
            0.017424,
            0.999829
          ]
        ],
        [
          [
            0.401506,
            0.77115,
            -0.494085
          ],
          [
            -0.332996,
            0.625475,
            0.705617
          ],
          [
            0.853175,
            -0.118781,
            0.507922
          ]
        ],
        [
          [
            0.51649,
            -0.783392,
            0.345738
          ],
          [
            0.386714,
            0.573636,
            0.722076
          ],
          [
            -0.763997,
            -0.239244,
            0.599226
          ]
        ],
        [
          [
            0.943989,
            0.156913,
            0.290283
          ],
          [
            -0.249258,
            0.915543,
            0.315678
          ],
          [
            -0.216232,
            -0.370351,
            0.903373
          ]
        ],
        [
          [
            0.942859,
            -0.226565,
            -0.244305
          ],
          [
            0.287068,
            0.924591,
            0.250445
          ],
          [
            0.16914,
            -0.306267,
            0.936799
          ]
        ],
        [
          [
            0.99321,
            0.003706,
            0.116278
          ],
          [
            0.070238,
            0.77767,
            -0.624737
          ],
          [
            -0.092742,
            0.628662,
            0.772129
          ]
        ],
        [
          [
            0.997134,
            0.051246,
            0.055657
          ],
          [
            0.00835,
            0.656616,
            -0.754179
          ],
          [
            -0.075194,
            0.752482,
            0.654306
          ]
        ],
        [
          [
            1.0,
            0.0,
            0.0
          ],
          [
            0.0,
            1.0,
            0.0
          ],
          [
            0.0,
            0.0,
            1.0
          ]
        ],
        [
          [
            1.0,
            0.0,
            0.0
          ],
          [
            0.0,
            1.0,
            0.0
          ],
          [
            0.0,
            0.0,
            1.0
          ]
        ]
      ]
    },
    {
      "time_sec": 0.254286,
      "root_offset": [
        0.008788,
        0.003175,
        0.000578
      ],
      "local_rotation_matrices": [
        [
          [
            0.996773,
            0.079593,
            -0.01038
          ],
          [
            -0.079175,
            0.996217,
            0.035816
          ],
          [
            0.013192,
            -0.034878,
            0.999304
          ]
        ],
        [
          [
            0.984009,
            -0.178037,
            0.005369
          ],
          [
            0.178117,
            0.983665,
            -0.026038
          ],
          [
            -0.000645,
            0.026578,
            0.999647
          ]
        ],
        [
          [
            0.990226,
            0.1362,
            0.030021
          ],
          [
            -0.134605,
            0.98964,
            -0.049934
          ],
          [
            -0.036511,
            0.045405,
            0.998301
          ]
        ],
        [
          [
            0.999759,
            0.014848,
            -0.016179
          ],
          [
            -0.01463,
            0.999801,
            0.013553
          ],
          [
            0.016377,
            -0.013313,
            0.999777
          ]
        ],
        [
          [
            0.998438,
            0.055687,
            -0.004429
          ],
          [
            -0.055391,
            0.997174,
            0.050759
          ],
          [
            0.007243,
            -0.050434,
            0.998701
          ]
        ],
        [
          [
            0.999542,
            -0.029863,
            -0.004808
          ],
          [
            0.029946,
            0.999386,
            0.018176
          ],
          [
            0.004262,
            -0.018312,
            0.999823
          ]
        ],
        [
          [
            0.998622,
            -0.025641,
            0.045789
          ],
          [
            0.029172,
            0.996512,
            -0.078186
          ],
          [
            -0.043625,
            0.079414,
            0.995887
          ]
        ],
        [
          [
            0.986965,
            -0.136482,
            -0.085283
          ],
          [
            0.154683,
            0.950755,
            0.268587
          ],
          [
            0.044426,
            -0.278278,
            0.959473
          ]
        ],
        [
          [
            0.993191,
            -0.062235,
            0.098482
          ],
          [
            0.025881,
            0.942097,
            0.334341
          ],
          [
            -0.113587,
            -0.329515,
            0.937293
          ]
        ],
        [
          [
            0.999753,
            0.003278,
            -0.021994
          ],
          [
            -0.005345,
            0.995501,
            -0.094604
          ],
          [
            0.021585,
            0.094698,
            0.995272
          ]
        ],
        [
          [
            0.996538,
            -0.002206,
            0.083115
          ],
          [
            0.029319,
            0.944756,
            -0.32646
          ],
          [
            -0.077803,
            0.327767,
            0.94155
          ]
        ],
        [
          [
            0.982346,
            -0.098888,
            -0.158802
          ],
          [
            0.054171,
            0.962868,
            -0.264483
          ],
          [
            0.17906,
            0.251212,
            0.951226
          ]
        ],
        [
          [
            0.983049,
            0.099076,
            0.154267
          ],
          [
            -0.110328,
            0.991691,
            0.066155
          ],
          [
            -0.146431,
            -0.082053,
            0.985812
          ]
        ],
        [
          [
            0.954913,
            -0.013574,
            -0.296575
          ],
          [
            0.139808,
            0.901816,
            0.408878
          ],
          [
            0.261906,
            -0.431907,
            0.863054
          ]
        ],
        [
          [
            0.916527,
            0.080987,
            0.391687
          ],
          [
            -0.258081,
            0.867894,
            0.424446
          ],
          [
            -0.305568,
            -0.490104,
            0.81635
          ]
        ],
        [
          [
            0.891723,
            0.443475,
            -0.090333
          ],
          [
            -0.440216,
            0.896245,
            0.054369
          ],
          [
            0.105072,
            -0.008716,
            0.994426
          ]
        ],
        [
          [
            0.303218,
            0.801832,
            -0.514902
          ],
          [
            -0.385235,
            0.597363,
            0.703386
          ],
          [
            0.871581,
            -0.014921,
            0.490025
          ]
        ],
        [
          [
            0.566057,
            -0.343,
            0.74962
          ],
          [
            0.298727,
            0.932873,
            0.201274
          ],
          [
            -0.768337,
            0.109999,
            0.630522
          ]
        ],
        [
          [
            0.933677,
            0.158533,
            0.321114
          ],
          [
            -0.259989,
            0.916719,
            0.303367
          ],
          [
            -0.246278,
            -0.366733,
            0.897137
          ]
        ],
        [
          [
            0.840036,
            -0.37043,
            -0.396386
          ],
          [
            0.464379,
            0.868715,
            0.172299
          ],
          [
            0.280521,
            -0.32881,
            0.901771
          ]
        ],
        [
          [
            0.98376,
            -0.023198,
            0.177983
          ],
          [
            0.152868,
            0.627947,
            -0.763095
          ],
          [
            -0.094061,
            0.77791,
            0.621296
          ]
        ],
        [
          [
            0.996175,
            0.050018,
            -0.071651
          ],
          [
            -0.071027,
            -0.014144,
            -0.997374
          ],
          [
            -0.0509,
            0.998648,
            -0.010537
          ]
        ],
        [
          [
            1.0,
            0.0,
            0.0
          ],
          [
            0.0,
            1.0,
            0.0
          ],
          [
            0.0,
            0.0,
            1.0
          ]
        ],
        [
          [
            1.0,
            0.0,
            0.0
          ],
          [
            0.0,
            1.0,
            0.0
          ],
          [
            0.0,
            0.0,
            1.0
          ]
        ]
      ]
    },
    {
      "time_sec": 0.339048,
      "root_offset": [
        0.014053,
        0.007751,
        0.000745
      ],
      "local_rotation_matrices": [
        [
          [
            0.996342,
            0.084603,
            -0.012048
          ],
          [
            -0.084238,
            0.996047,
            0.028171
          ],
          [
            0.014383,
            -0.027053,
            0.99953
          ]
        ],
        [
          [
            0.985527,
            -0.169247,
            0.00955
          ],
          [
            0.169295,
            0.985555,
            -0.004522
          ],
          [
            -0.008647,
            0.006074,
            0.999944
          ]
        ],
        [
          [
            0.992391,
            0.118421,
            0.033704
          ],
          [
            -0.117195,
            0.992446,
            -0.036289
          ],
          [
            -0.037747,
            0.032063,
            0.998773
          ]
        ],
        [
          [
            0.999542,
            0.018093,
            -0.024266
          ],
          [
            -0.018371,
            0.999768,
            -0.011253
          ],
          [
            0.024056,
            0.011694,
            0.999642
          ]
        ],
        [
          [
            0.999484,
            0.031671,
            -0.00537
          ],
          [
            -0.031488,
            0.999013,
            0.031316
          ],
          [
            0.006357,
            -0.031131,
            0.999495
          ]
        ],
        [
          [
            0.999921,
            -0.01091,
            -0.006177
          ],
          [
            0.011047,
            0.999681,
            0.022692
          ],
          [
            0.005928,
            -0.022759,
            0.999723
          ]
        ],
        [
          [
            0.998726,
            -0.024944,
            0.04386
          ],
          [
            0.026775,
            0.998773,
            -0.041651
          ],
          [
            -0.042767,
            0.042772,
            0.998169
          ]
        ],
        [
          [
            0.992173,
            -0.105795,
            -0.066339
          ],
          [
            0.120272,
            0.952498,
            0.279788
          ],
          [
            0.033588,
            -0.285577,
            0.957767
          ]
        ],
        [
          [
            0.992762,
            -0.073903,
            0.094663
          ],
          [
            0.03944,
            0.945149,
            0.324249
          ],
          [
            -0.113434,
            -0.318169,
            0.941223
          ]
        ],
        [
          [
            0.999582,
            0.004281,
            -0.028604
          ],
          [
            -0.007212,
            0.994641,
            -0.103132
          ],
          [
            0.028009,
            0.103295,
            0.994256
          ]
        ],
        [
          [
            0.997269,
            -0.038324,
            0.063132
          ],
          [
            0.056673,
            0.945229,
            -0.321449
          ],
          [
            -0.047355,
            0.324149,
            0.94482
          ]
        ],
        [
          [
            0.98149,
            -0.075718,
            -0.175907
          ],
          [
            0.029323,
            0.967107,
            -0.252673
          ],
          [
            0.189253,
            0.242838,
            0.951427
          ]
        ],
        [
          [
            0.929366,
            0.229973,
            0.288777
          ],
          [
            -0.243217,
            0.969917,
            0.010329
          ],
          [
            -0.277715,
            -0.079835,
            0.957341
          ]
        ],
        [
          [
            0.965925,
            0.004092,
            -0.258792
          ],
          [
            0.110168,
            0.898275,
            0.425399
          ],
          [
            0.234207,
            -0.439414,
            0.867215
          ]
        ],
        [
          [
            0.911498,
            0.118283,
            0.39393
          ],
          [
            -0.286255,
            0.870172,
            0.401072
          ],
          [
            -0.295347,
            -0.47834,
            0.827019
          ]
        ],
        [
          [
            0.724864,
            0.661767,
            -0.191407
          ],
          [
            -0.650801,
            0.748932,
            0.124739
          ],
          [
            0.225899,
            0.034149,
            0.973552
          ]
        ],
        [
          [
            0.254566,
            0.844686,
            -0.470853
          ],
          [
            -0.412388,
            0.535223,
            0.737206
          ],
          [
            0.874718,
            0.006506,
            0.484588
          ]
        ],
        [
          [
            0.598864,
            0.119923,
            0.791821
          ],
          [
            0.213846,
            0.928879,
            -0.302414
          ],
          [
            -0.771772,
            0.350432,
            0.530627
          ]
        ],
        [
          [
            0.938744,
            0.138378,
            0.315612
          ],
          [
            -0.230615,
            0.932799,
            0.276953
          ],
          [
            -0.256078,
            -0.332773,
            0.907572
          ]
        ],
        [
          [
            0.691602,
            -0.512988,
            -0.508458
          ],
          [
            0.614668,
            0.787702,
            0.041349
          ],
          [
            0.379302,
            -0.34113,
            0.860093
          ]
        ],
        [
          [
            0.986449,
            -0.020576,
            0.162774
          ],
          [
            0.145687,
            0.566138,
            -0.811334
          ],
          [
            -0.075458,
            0.824054,
            0.561464
          ]
        ],
        [
          [
            0.981914,
            -0.096183,
            -0.163076
          ],
          [
            -0.189168,
            -0.533732,
            -0.824224
          ],
          [
            -0.007762,
            0.840166,
            -0.542273
          ]
        ],
        [
          [
            1.0,
            0.0,
            0.0
          ],
          [
            0.0,
            1.0,
            0.0
          ],
          [
            0.0,
            0.0,
            1.0
          ]
        ],
        [
          [
            1.0,
            0.0,
            0.0
          ],
          [
            0.0,
            1.0,
            0.0
          ],
          [
            0.0,
            0.0,
            1.0
          ]
        ]
      ]
    },
    {
      "time_sec": 0.42381,
      "root_offset": [
        0.017544,
        0.013744,
        0.002123
      ],
      "local_rotation_matrices": [
        [
          [
            0.99411,
            0.107957,
            -0.009472
          ],
          [
            -0.107658,
            0.993797,
            0.027883
          ],
          [
            0.012423,
            -0.026699,
            0.999566
          ]
        ],
        [
          [
            0.984059,
            -0.177613,
            0.008988
          ],
          [
            0.177532,
            0.984073,
            0.009129
          ],
          [
            -0.010467,
            -0.007388,
            0.999918
          ]
        ],
        [
          [
            0.99396,
            0.105254,
            0.031074
          ],
          [
            -0.104238,
            0.994015,
            -0.03269
          ],
          [
            -0.034329,
            0.029253,
            0.998982
          ]
        ],
        [
          [
            0.999211,
            0.029481,
            -0.026617
          ],
          [
            -0.030321,
            0.999036,
            -0.031739
          ],
          [
            0.025656,
            0.032521,
            0.999142
          ]
        ],
        [
          [
            0.99982,
            0.017854,
            -0.00638
          ],
          [
            -0.017725,
            0.999649,
            0.019692
          ],
          [
            0.006729,
            -0.019575,
            0.999786
          ]
        ],
        [
          [
            0.999985,
            -3.2e-05,
            -0.0055
          ],
          [
            0.000173,
            0.999671,
            0.025667
          ],
          [
            0.005498,
            -0.025668,
            0.999655
          ]
        ],
        [
          [
            0.999295,
            -0.015416,
            0.034228
          ],
          [
            0.016403,
            0.999453,
            -0.028731
          ],
          [
            -0.033767,
            0.029272,
            0.999001
          ]
        ],
        [
          [
            0.995093,
            -0.085468,
            -0.049847
          ],
          [
            0.096336,
            0.951806,
            0.291177
          ],
          [
            0.022558,
            -0.294551,
            0.95537
          ]
        ],
        [
          [
            0.990858,
            -0.095807,
            0.094977
          ],
          [
            0.060142,
            0.943901,
            0.324706
          ],
          [
            -0.120758,
            -0.316026,
            0.941034
          ]
        ],
        [
          [
            0.999551,
            0.019889,
            -0.022395
          ],
          [
            -0.022003,
            0.994893,
            -0.098505
          ],
          [
            0.020321,
            0.098953,
            0.994885
          ]
        ],
        [
          [
            0.996956,
            -0.066497,
            0.040706
          ],
          [
