{
  "format": "gf5_keyframed_motion",
  "version": 1,
  "name": "Right-hand wave",
  "profile_name": "course_body_24",
  "joint_order": [
    "pelvis",
    "left_hip",
    "right_hip",
    "spine1",
    "left_knee",
    "right_knee",
    "spine2",
    "left_ankle",
    "right_ankle",
    "spine3",
    "left_foot",
    "right_foot",
    "neck",
    "left_collar",
    "right_collar",
    "head",
    "left_shoulder",
    "right_shoulder",
    "left_elbow",
    "right_elbow",
    "left_wrist",
    "right_wrist",
    "left_hand",
    "right_hand"
  ],
  "coordinate_convention": {
    "name": "gf5_viewer_body",
    "up_axis": [
      0.0,
      0.0,
      1.0
    ],
    "forward_axis": [
      0.0,
      1.0,
      0.0
    ],
    "anatomical_right_axis": [
      1.0,
      0.0,
      0.0
    ],
    "native_smpl_to_viewer": "viewer=(-native_x, native_z, native_y)"
  },
  "duration_sec": 2.966667,
  "exported_at": "2026-05-13T23:48:15",
  "source_asset_name": null,
  "source_motion": {
    "format": "amass_npz",
    "path": "staff_tools/motion_fallback/packs/hy_motion_palette/clips/wave_right_01.npz",
    "frame_rate": 30.0,
    "frame_count": 90,
    "pose_source": "poses",
    "translation_source": "trans",
    "start_sec": 0.0,
    "end_sec": 2.966667,
    "sample_fps": 12.0,
    "manifest": "staff_tools/motion_fallback/packs/hy_motion_palette/manifest.json"
  },
  "keyframes": [
    {
      "time_sec": 0.0,
      "root_offset": [
        0.0,
        0.0,
        0.0
      ],
      "local_rotation_matrices": [
        [
          [
            0.99925,
            -0.034796,
            -0.016978
          ],
          [
            0.035003,
            0.999314,
            0.012068
          ],
          [
            0.016546,
            -0.012653,
            0.999783
          ]
        ],
        [
          [
            0.987312,
            -0.147896,
            0.057814
          ],
          [
            0.147118,
            0.988964,
            0.017506
          ],
          [
            -0.059765,
            -0.008779,
            0.998174
          ]
        ],
        [
          [
            0.970225,
            0.240608,
            -0.027777
          ],
          [
            -0.240354,
            0.970609,
            0.012199
          ],
          [
            0.029895,
            -0.005159,
            0.99954
          ]
        ],
        [
          [
            0.999582,
            -0.006067,
            0.028265
          ],
          [
            0.004783,
            0.998964,
            0.045254
          ],
          [
            -0.02851,
            -0.0451,
            0.998576
          ]
        ],
        [
          [
            0.999895,
            0.011146,
            -0.009245
          ],
          [
            -0.011562,
            0.998867,
            -0.046169
          ],
          [
            0.008719,
            0.046271,
            0.998891
          ]
        ],
        [
          [
            0.999139,
            -0.035185,
            0.021988
          ],
          [
            0.036122,
            0.998388,
            -0.04378
          ],
          [
            -0.020412,
            0.044537,
            0.998799
          ]
        ],
        [
          [
            0.997746,
            0.065516,
            -0.01452
          ],
          [
            -0.067092,
            0.969606,
            -0.235292
          ],
          [
            -0.001337,
            0.235735,
            0.971816
          ]
        ],
        [
          [
            0.994031,
            0.104103,
            -0.032639
          ],
          [
            -0.10552,
            0.99339,
            -0.045188
          ],
          [
            0.027719,
            0.048363,
            0.998445
          ]
        ],
        [
          [
            0.991494,
            -0.130016,
            0.005889
          ],
          [
            0.129976,
            0.991494,
            0.006704
          ],
          [
            -0.00671,
            -0.005882,
            0.99996
          ]
        ],
        [
          [
            0.999882,
            0.000112,
            -0.015334
          ],
          [
            0.001636,
            0.993488,
            0.113926
          ],
          [
            0.015246,
            -0.113938,
            0.993371
          ]
        ],
        [
          [
            0.998605,
            0.019538,
            0.049053
          ],
          [
            -0.019501,
            0.999809,
            -0.001223
          ],
          [
            -0.049067,
            0.000265,
            0.998795
          ]
        ],
        [
          [
            0.99996,
            -0.008828,
            -0.001536
          ],
          [
            0.008732,
            0.9985,
            -0.054049
          ],
          [
            0.002011,
            0.054033,
            0.998537
          ]
        ],
        [
          [
            0.999969,
            -0.006712,
            -0.004225
          ],
          [
            0.007794,
            0.930331,
            0.366637
          ],
          [
            0.00147,
            -0.366659,
            0.930354
          ]
        ],
        [
          [
            0.943922,
            -0.116429,
            -0.308959
          ],
          [
            0.085196,
            0.989962,
            -0.112774
          ],
          [
            0.318988,
            0.080128,
            0.944366
          ]
        ],
        [
          [
            0.927087,
            0.021671,
            0.374218
          ],
          [
            -0.001414,
            0.998522,
            -0.054322
          ],
          [
            -0.374843,
            0.049832,
            0.925748
          ]
        ],
        [
          [
            0.999481,
            -0.026969,
            -0.017593
          ],
          [
            0.02555,
            0.996751,
            -0.076385
          ],
          [
            0.019596,
            0.075896,
            0.996923
          ]
        ],
        [
          [
            0.668239,
            0.328476,
            -0.667503
          ],
          [
            -0.079147,
            0.923543,
            0.375238
          ],
          [
            0.739725,
            -0.197917,
            0.643146
          ]
        ],
        [
          [
            0.711783,
            0.269403,
            0.648681
          ],
          [
            -0.020316,
            0.931031,
            -0.364375
          ],
          [
            -0.702105,
            0.246177,
            0.668165
          ]
        ],
        [
          [
            0.962058,
            0.271845,
            -0.02334
          ],
          [
            -0.272159,
            0.962184,
            -0.011488
          ],
          [
            0.019335,
            0.017404,
            0.999662
          ]
        ],
        [
          [
            0.992069,
            -0.125691,
            -0.000242
          ],
          [
            0.125691,
            0.992051,
            0.006001
          ],
          [
            -0.000515,
            -0.005983,
            0.999982
          ]
        ],
        [
          [
            0.999404,
            -0.021142,
            -0.027298
          ],
          [
            0.022084,
            0.999154,
            0.034683
          ],
          [
            0.026542,
            -0.035265,
            0.999026
          ]
        ],
        [
          [
            0.998739,
            0.046691,
            0.01845
          ],
          [
            -0.046642,
            0.998907,
            -0.003098
          ],
          [
            -0.018575,
            0.002234,
            0.999825
          ]
        ],
        [
          [
            1.0,
            0.0,
            0.0
          ],
          [
            0.0,
            1.0,
            0.0
          ],
          [
            0.0,
            0.0,
            1.0
          ]
        ],
        [
          [
            1.0,
            0.0,
            0.0
          ],
          [
            0.0,
            1.0,
            0.0
          ],
          [
            0.0,
            0.0,
            1.0
          ]
        ]
      ]
    },
    {
      "time_sec": 0.084762,
      "root_offset": [
        -0.001893,
        -0.002064,
        0.000827
      ],
      "local_rotation_matrices": [
        [
          [
            0.999297,
            -0.033272,
            -0.017268
          ],
          [
            0.033598,
            0.999257,
            0.018907
          ],
          [
            0.016626,
            -0.019474,
            0.999672
          ]
        ],
        [
          [
            0.987728,
            -0.145418,
            0.056984
          ],
          [
            0.145124,
            0.98937,
            0.009286
          ],
          [
            -0.057729,
            -0.000902,
            0.998332
          ]
        ],
        [
          [
            0.971111,
            0.237203,
            -0.026043
          ],
          [
            -0.237037,
            0.971456,
            0.009311
          ],
          [
            0.027508,
            -0.002868,
            0.999617
          ]
        ],
        [
          [
            0.999445,
            -0.007345,
            0.032498
          ],
          [
            0.006041,
            0.999179,
            0.040049
          ],
          [
            -0.032766,
            -0.03983,
            0.998669
          ]
        ],
        [
          [
            0.999878,
            0.012558,
            -0.009334
          ],
          [
            -0.012955,
            0.998959,
            -0.043746
          ],
          [
            0.008775,
            0.043862,
            0.998999
          ]
        ],
        [
          [
            0.999195,
            -0.033282,
            0.022383
          ],
          [
            0.034303,
            0.99831,
            -0.046902
          ],
          [
            -0.020784,
            0.047632,
            0.998649
          ]
        ],
        [
          [
            0.997818,
            0.062753,
            -0.020539
          ],
          [
            -0.065817,
            0.970152,
            -0.233394
          ],
          [
            0.00528,
            0.234236,
            0.972165
          ]
        ],
        [
          [
            0.994915,
            0.096762,
            -0.027952
          ],
          [
            -0.097826,
            0.994415,
            -0.039619
          ],
          [
            0.023962,
            0.042152,
            0.998824
          ]
        ],
        [
          [
            0.991467,
            -0.13036,
            -0.000528
          ],
          [
            0.130361,
            0.991451,
            0.005568
          ],
          [
            -0.000202,
            -0.00559,
            0.999984
          ]
        ],
        [
          [
            0.999845,
            0.001232,
            -0.017549
          ],
          [
            0.000698,
            0.99398,
            0.109558
          ],
          [
            0.017579,
            -0.109554,
            0.993825
          ]
        ],
        [
          [
            0.998787,
            0.0186,
            0.0456
          ],
          [
            -0.018606,
            0.999827,
            -0.000295
          ],
          [
            -0.045598,
            -0.000553,
            0.99896
          ]
        ],
        [
          [
            0.999967,
            -0.008182,
            -0.000111
          ],
          [
            0.008165,
            0.998558,
            -0.053051
          ],
          [
            0.000545,
            0.053049,
            0.998592
          ]
        ],
        [
          [
            0.999951,
            -0.009403,
            0.003153
          ],
          [
            0.007639,
            0.932987,
            0.35983
          ],
          [
            -0.006325,
            -0.359788,
            0.933012
          ]
        ],
        [
          [
            0.940454,
            -0.119906,
            -0.31807
          ],
          [
            0.084397,
            0.988785,
            -0.123211
          ],
          [
            0.329277,
            0.08903,
            0.940027
          ]
        ],
        [
          [
            0.934108,
            0.018154,
            0.356529
          ],
          [
            8.8e-05,
            0.998694,
            -0.051081
          ],
          [
            -0.356991,
            0.047747,
            0.932887
          ]
        ],
        [
          [
            0.999448,
            -0.027526,
            -0.018625
          ],
          [
            0.026035,
            0.996764,
            -0.076056
          ],
          [
            0.020658,
            0.075529,
            0.99693
          ]
        ],
        [
          [
            0.688972,
            0.320708,
            -0.649972
          ],
          [
            -0.069952,
            0.922013,
            0.380788
          ],
          [
            0.721404,
            -0.216886,
            0.657675
          ]
        ],
        [
          [
            0.755835,
            0.340824,
            0.559065
          ],
          [
            -0.033395,
            0.872799,
            -0.486937
          ],
          [
            -0.65391,
            0.349374,
            0.671073
          ]
        ],
        [
          [
            0.963911,
            0.264866,
            -0.026879
          ],
          [
            -0.26526,
            0.964099,
            -0.012276
          ],
          [
            0.022662,
            0.018962,
            0.999563
          ]
        ],
        [
          [
            0.984617,
            -0.174515,
            0.008583
          ],
          [
            0.17453,
            0.984651,
            -0.001012
          ],
          [
            -0.008275,
            0.002494,
            0.999963
          ]
        ],
        [
          [
            0.999386,
            -0.02339,
            -0.026086
          ],
          [
            0.024287,
            0.999107,
            0.034585
          ],
          [
            0.025254,
            -0.035197,
            0.999061
          ]
        ],
        [
          [
            0.998718,
            0.048957,
            0.012841
          ],
          [
            -0.049016,
            0.998789,
            0.004328
          ],
          [
            -0.012614,
            -0.004952,
            0.999908
          ]
        ],
        [
          [
            1.0,
            0.0,
            0.0
          ],
          [
            0.0,
            1.0,
            0.0
          ],
          [
            0.0,
            0.0,
            1.0
          ]
        ],
        [
          [
            1.0,
            0.0,
            0.0
          ],
          [
            0.0,
            1.0,
            0.0
          ],
          [
            0.0,
            0.0,
            1.0
          ]
        ]
      ]
    },
    {
      "time_sec": 0.169524,
      "root_offset": [
        -0.002435,
        -0.003489,
        0.001169
      ],
      "local_rotation_matrices": [
        [
          [
            0.999572,
            -0.023838,
            -0.016974
          ],
          [
            0.024286,
            0.999349,
            0.026677
          ],
          [
            0.016327,
            -0.027078,
            0.9995
          ]
        ],
        [
          [
            0.987643,
            -0.146819,
            0.054821
          ],
          [
            0.146879,
            0.98915,
            0.002955
          ],
          [
            -0.05466,
            0.005133,
            0.998492
          ]
        ],
        [
          [
            0.970898,
            0.237803,
            -0.02841
          ],
          [
            -0.237902,
            0.971289,
            -9.2e-05
          ],
          [
            0.027572,
            0.006848,
            0.999596
          ]
        ],
        [
          [
            0.999414,
            -0.007683,
            0.033363
          ],
          [
            0.006698,
            0.999541,
            0.029535
          ],
          [
            -0.033575,
            -0.029294,
            0.999007
          ]
        ],
        [
          [
            0.999902,
            0.010763,
            -0.008931
          ],
          [
            -0.011138,
            0.999009,
            -0.043097
          ],
          [
            0.008459,
            0.043192,
            0.999031
          ]
        ],
        [
          [
            0.999277,
            -0.030551,
            0.022628
          ],
          [
            0.031483,
            0.998621,
            -0.042022
          ],
          [
            -0.021313,
            0.042704,
            0.99886
          ]
        ],
        [
          [
            0.99663,
            0.075067,
            -0.033056
          ],
          [
            -0.080615,
            0.970795,
            -0.225961
          ],
          [
            0.015129,
            0.227865,
            0.973575
          ]
        ],
        [
          [
            0.995703,
            0.090015,
            -0.021747
          ],
          [
            -0.090686,
            0.995362,
            -0.032099
          ],
          [
            0.018757,
            0.033933,
            0.999248
          ]
        ],
        [
          [
            0.99041,
            -0.138089,
            -0.00447
          ],
          [
            0.138102,
            0.990414,
            0.002727
          ],
          [
            0.004051,
            -0.003318,
            0.999986
          ]
        ],
        [
          [
            0.999826,
            0.001056,
            -0.018621
          ],
          [
            0.000854,
            0.994757,
            0.102266
          ],
          [
            0.018631,
            -0.102264,
            0.994583
          ]
        ],
        [
          [
            0.999004,
            0.016432,
            0.041477
          ],
          [
            -0.016458,
            0.999865,
            0.000287
          ],
          [
            -0.041467,
            -0.000969,
            0.999139
          ]
        ],
        [
          [
            0.999979,
            -0.006406,
            0.00122
          ],
          [
            0.00646,
            0.998696,
            -0.050649
          ],
          [
            -0.000894,
            0.050656,
            0.998716
          ]
        ],
        [
          [
            0.999867,
            -0.009823,
            0.012982
          ],
          [
            0.00459,
            0.935176,
            0.354152
          ],
          [
            -0.015619,
            -0.354046,
            0.935098
          ]
        ],
        [
          [
            0.938199,
            -0.122714,
            -0.32361
          ],
          [
            0.088342,
            0.988968,
            -0.118901
          ],
          [
            0.334631,
            0.082964,
            0.93869
          ]
        ],
        [
          [
            0.941988,
            0.02198,
            0.334926
          ],
          [
            0.003629,
            0.997128,
            -0.075643
          ],
          [
            -0.335627,
            0.07247,
            0.939203
          ]
        ],
        [
          [
            0.999482,
            -0.02665,
            -0.018046
          ],
          [
            0.025196,
            0.996752,
            -0.076488
          ],
          [
            0.020025,
            0.075993,
            0.996907
          ]
        ],
        [
          [
            0.71127,
            0.301358,
            -0.635041
          ],
          [
            -0.054182,
            0.924253,
            0.377917
          ],
          [
            0.700827,
            -0.234394,
            0.673722
          ]
        ],
        [
          [
            0.811163,
            0.337824,
            0.477377
          ],
          [
            -0.017131,
            0.829657,
            -0.558011
          ],
          [
            -0.584568,
            0.444461,
            0.678774
          ]
        ],
        [
          [
            0.965347,
            0.259143,
            -0.030829
          ],
          [
            -0.259676,
            0.965584,
            -0.014678
          ],
          [
            0.025964,
            0.022175,
            0.999417
          ]
        ],
        [
          [
            0.964353,
            -0.264078,
            0.016941
          ],
          [
            0.264254,
            0.96441,
            -0.009108
          ],
          [
            -0.013933,
            0.01326,
            0.999815
          ]
        ],
        [
          [
            0.999383,
            -0.024937,
            -0.024732
          ],
          [
            0.025749,
            0.999121,
            0.033067
          ],
          [
            0.023885,
            -0.033684,
            0.999147
          ]
        ],
        [
          [
            0.998842,
            0.047712,
            0.006215
          ],
          [
            -0.047781,
            0.998793,
            0.011381
          ],
          [
            -0.005665,
            -0.011664,
            0.999916
          ]
        ],
        [
          [
            1.0,
            0.0,
            0.0
          ],
          [
            0.0,
            1.0,
            0.0
          ],
          [
            0.0,
            0.0,
            1.0
          ]
        ],
        [
          [
            1.0,
            0.0,
            0.0
          ],
          [
            0.0,
            1.0,
            0.0
          ],
          [
            0.0,
            0.0,
            1.0
          ]
        ]
      ]
    },
    {
      "time_sec": 0.254286,
      "root_offset": [
        -0.00155,
        -0.003589,
        0.001605
      ],
      "local_rotation_matrices": [
        [
          [
            0.99995,
            -0.001624,
            -0.00985
          ],
          [
            0.002019,
            0.99919,
            0.040187
          ],
          [
            0.009776,
            -0.040205,
            0.999144
          ]
        ],
        [
          [
            0.987151,
            -0.15359,
            0.04407
          ],
          [
            0.154001,
            0.988052,
            -0.006058
          ],
          [
            -0.042613,
            0.012767,
            0.99901
          ]
        ],
        [
          [
            0.967885,
            0.247618,
            -0.043403
          ],
          [
            -0.248678,
            0.96836,
            -0.020947
          ],
          [
            0.036843,
            0.031068,
            0.998838
          ]
        ],
        [
          [
            0.999458,
            -0.007208,
            0.032132
          ],
          [
            0.006903,
            0.99993,
            0.00961
          ],
          [
            -0.032199,
            -0.009383,
            0.999437
          ]
        ],
        [
          [
            0.999957,
            0.005247,
            -0.007613
          ],
          [
            -0.005566,
            0.999082,
            -0.042473
          ],
          [
            0.007383,
            0.042514,
            0.999069
          ]
        ],
        [
          [
            0.999422,
            -0.025575,
            0.022394
          ],
          [
            0.026138,
            0.999341,
            -0.0252
          ],
          [
            -0.021735,
            0.02577,
            0.999432
          ]
        ],
        [
          [
            0.990992,
            0.113932,
            -0.070384
          ],
          [
            -0.126486,
            0.968953,
            -0.212442
          ],
          [
            0.043995,
            0.219431,
            0.974636
          ]
        ],
        [
          [
            0.997024,
            0.07651,
            -0.009489
          ],
          [
            -0.076584,
            0.997034,
            -0.007645
          ],
          [
            0.008876,
            0.008349,
            0.999926
          ]
        ],
        [
          [
            0.986559,
            -0.163267,
            -0.006754
          ],
          [
            0.163271,
            0.986581,
            -6.7e-05
          ],
          [
            0.006675,
            -0.001036,
            0.999977
          ]
        ],
        [
          [
            0.999759,
            -0.003435,
            -0.021679
          ],
          [
            0.005326,
            0.996129,
            0.087743
          ],
          [
            0.021294,
            -0.087837,
            0.995907
          ]
        ],
        [
          [
            0.999295,
            0.011182,
            0.035835
          ],
          [
            -0.011202,
            0.999937,
            0.000373
          ],
          [
            -0.035829,
            -0.000775,
            0.999358
          ]
        ],
        [
          [
            0.999997,
            -0.001443,
            0.002135
          ],
          [
            0.00154,
            0.99893,
            -0.046232
          ],
          [
            -0.002066,
            0.046235,
            0.998928
          ]
        ],
        [
          [
            0.999154,
            -0.006098,
            0.040676
          ],
          [
            -0.008454,
            0.937389,
            0.348181
          ],
          [
            -0.040252,
            -0.34823,
            0.936544
          ]
        ],
        [
          [
            0.939405,
            -0.134516,
            -0.315317
          ],
          [
            0.107793,
            0.989051,
            -0.100795
          ],
          [
            0.325423,
            0.060698,
            0.943619
          ]
        ],
        [
          [
            0.964139,
            0.023286,
            0.264374
          ],
          [
            0.016223,
            0.98911,
            -0.146282
          ],
          [
            -0.264901,
            0.145325,
            0.953262
          ]
        ],
        [
          [
            0.999501,
            -0.025566,
            -0.018547
          ],
          [
            0.024044,
            0.996657,
            -0.078084
          ],
          [
            0.020482,
            0.077599,
            0.996774
          ]
        ],
        [
          [
            0.739464,
            0.266699,
            -0.618114
          ],
          [
            -0.025734,
            0.928705,
            0.369925
          ],
          [
            0.672704,
            -0.25764,
            0.693607
          ]
        ],
        [
          [
            0.906403,
            0.197524,
            0.373387
          ],
          [
            0.081184,
            0.785999,
            -0.612874
          ],
          [
            -0.414539,
            0.585824,
            0.696396
          ]
        ],
        [
          [
            0.968056,
            0.24792,
            -0.03746
          ],
          [
            -0.248815,
            0.968314,
            -0.021425
          ],
          [
            0.030961,
            0.030062,
            0.999068
          ]
        ],
        [
          [
            0.87885,
            -0.476019,
            0.032068
          ],
          [
            0.476665,
            0.878931,
            -0.01648
          ],
          [
            -0.020341,
            0.029769,
            0.99935
          ]
        ],
        [
          [
            0.999407,
            -0.027228,
            -0.021084
          ],
          [
            0.027831,
            0.999197,
            0.028833
          ],
          [
            0.020282,
            -0.029403,
            0.999362
          ]
        ],
        [
          [
            0.999055,
            0.041877,
            -0.011622
          ],
          [
            -0.041597,
            0.998861,
            0.023374
          ],
          [
            0.012587,
            -0.022868,
            0.999659
          ]
        ],
        [
          [
            1.0,
            0.0,
            0.0
          ],
          [
            0.0,
            1.0,
            0.0
          ],
          [
            0.0,
            0.0,
            1.0
          ]
        ],
        [
          [
            1.0,
            0.0,
            0.0
          ],
          [
            0.0,
            1.0,
            0.0
          ],
          [
            0.0,
            0.0,
            1.0
          ]
        ]
      ]
    },
    {
      "time_sec": 0.339048,
      "root_offset": [
        -0.002802,
        -0.001551,
        0.002977
      ],
      "local_rotation_matrices": [
        [
          [
            0.999911,
            0.013307,
            0.001129
          ],
          [
            -0.013345,
            0.998774,
            0.047669
          ],
          [
            -0.000493,
            -0.04768,
            0.998863
          ]
        ],
        [
          [
            0.988433,
            -0.148592,
            0.030332
          ],
          [
            0.148928,
            0.988806,
            -0.009133
          ],
          [
            -0.028635,
            0.013545,
            0.999498
          ]
        ],
        [
          [
            0.968377,
            0.2426,
            -0.058236
          ],
          [
            -0.244696,
            0.969073,
            -0.031951
          ],
          [
            0.048684,
            0.045191,
            0.997791
          ]
        ],
        [
          [
            0.999409,
            -0.006259,
            0.033806
          ],
          [
            0.006397,
            0.999972,
            -0.00396
          ],
          [
            -0.03378,
            0.004173,
            0.999421
          ]
        ],
        [
          [
            0.999968,
            0.001502,
            -0.007824
          ],
          [
            -0.001858,
            0.998957,
            -0.045615
          ],
          [
            0.007747,
            0.045628,
            0.998928
          ]
        ],
        [
          [
            0.999559,
            -0.020992,
            0.020993
          ],
          [
            0.021324,
            0.999648,
            -0.015761
          ],
          [
            -0.020655,
            0.016201,
            0.999655
          ]
        ],
        [
          [
            0.986475,
            0.129465,
            -0.100533
          ],
          [
            -0.147723,
            0.967976,
            -0.202979
          ],
          [
            0.071034,
            0.215084,
            0.974009
          ]
        ],
        [
          [
            0.998528,
            0.054231,
            -0.000339
          ],
          [
            -0.054198,
            0.998096,
            0.029453
          ],
          [
            0.001936,
            -0.029391,
            0.999566
          ]
        ],
        [
          [
            0.984274,
            -0.176271,
            -0.011522
          ],
          [
            0.17632,
            0.984327,
            0.003322
          ],
          [
            0.010756,
            -0.005301,
            0.999928
          ]
        ],
        [
          [
            0.999577,
            -0.008822,
            -0.027704
          ],
          [
            0.011002,
            0.996769,
            0.079566
          ],
          [
            0.026912,
            -0.079837,
            0.996445
          ]
        ],
        [
          [
            0.999419,
            0.008084,
            0.033109
          ],
          [
            -0.00808,
            0.999967,
            -0.000254
          ],
          [
            -0.03311,
            -1.4e-05,
            0.999452
          ]
        ],
        [
          [
            0.999994,
            0.00317,
            0.00162
          ],
          [
            -0.003096,
            0.999054,
            -0.043371
          ],
          [
            -0.001756,
            0.043365,
            0.999058
          ]
        ],
        [
          [
            0.997486,
            0.000212,
            0.07086
          ],
          [
            -0.024751,
            0.938053,
            0.345608
          ],
          [
            -0.066397,
            -0.346493,
            0.9357
          ]
        ],
        [
          [
            0.942659,
            -0.143452,
            -0.301355
          ],
          [
            0.117971,
            0.987845,
            -0.101217
          ],
          [
            0.312212,
            0.059862,
            0.948125
          ]
        ],
        [
          [
            0.98568,
            -0.009517,
            0.16836
          ],
          [
            0.037355,
            0.985924,
            -0.162969
          ],
          [
            -0.16444,
            0.166925,
            0.97216
          ]
        ],
        [
          [
            0.999328,
            -0.027976,
            -0.023689
          ],
          [
            0.026027,
            0.996542,
            -0.078903
          ],
          [
            0.025814,
            0.078234,
            0.996601
          ]
        ],
        [
          [
            0.751263,
            0.259203,
            -0.606974
          ],
          [
            -0.017398,
            0.927112,
            0.374381
          ],
          [
            0.659774,
            -0.270699,
            0.701014
          ]
        ],
        [
          [
            0.951873,
            0.044796,
            0.303202
          ],
          [
            0.176084,
            0.729782,
            -0.660616
          ],
          [
            -0.250864,
            0.682211,
            0.686772
          ]
        ],
        [
          [
            0.97105,
            0.235208,
            -0.041699
          ],
          [
            -0.236479,
            0.971213,
            -0.028686
          ],
          [
            0.033751,
            0.037717,
            0.998718
          ]
        ],
        [
          [
            0.782002,
            -0.621158,
            0.051332
          ],
          [
            0.622472,
            0.782521,
            -0.013736
          ],
          [
            -0.031636,
            0.042694,
            0.998587
          ]
        ],
        [
          [
            0.99941,
            -0.028536,
            -0.019114
          ],
          [
            0.02902,
            0.999253,
            0.025507
          ],
          [
            0.018372,
            -0.026047,
            0.999492
          ]
        ],
        [
          [
            0.998951,
            0.037654,
            -0.02605
          ],
          [
            -0.036793,
            0.998784,
            0.032804
          ],
          [
            0.027253,
            -0.031812,
            0.999122
          ]
        ],
        [
          [
            1.0,
            0.0,
            0.0
          ],
          [
            0.0,
            1.0,
            0.0
          ],
          [
            0.0,
            0.0,
            1.0
          ]
        ],
        [
          [
            1.0,
            0.0,
            0.0
          ],
          [
            0.0,
            1.0,
            0.0
          ],
          [
            0.0,
            0.0,
            1.0
          ]
        ]
      ]
    },
    {
      "time_sec": 0.42381,
      "root_offset": [
        -0.003817,
        0.001203,
        0.006478
      ],
      "local_rotation_matrices": [
        [
          [
            0.999494,
            0.026142,
            0.018126
          ],
          [
            -0.027085,
            0.99818,
            0.053883
          ],
          [
            -0.016684,
            -0.054347,
            0.998383
          ]
        ],
        [
          [
            0.991219,
            -0.131763,
            0.011083
          ],
          [
            0.131872,
            0.991219,
            -0.009741
          ],
          [
            -0.009702,
            0.011117,
            0.999891
          ]
        ],
        [
          [
            0.973558,
            0.215972,
            -0.074434
          ],
          [
            -0.219286,
            0.974858,
            -0.039578
          ],
          [
            0.064015,
            0.054854,
            0.99644
          ]
        ],
        [
          [
            0.99904,
            -0.005337,
            0.043475
          ],
          [
            0.006131,
            0.999817,
            -0.018144
          ],
          [
            -0.04337,
            0.018394,
            0.99889
          ]
        ],
        [
          [
            0.999958,
            -0.001576,
            -0.009085
          ],
          [
            0.001067,
            0.998442,
            -0.055787
          ],
          [
            0.009159,
            0.055775,
            0.998401
          ]
        ],
        [
          [
            0.99972,
            -0.015985,
            0.017463
          ],
          [
            0.016139,
            0.999832,
            -0.008718
          ],
          [
            -0.017321,
            0.008998,
            0.99981
          ]
        ],
        [
          [
            0.984381,
            0.112625,
            -0.135311
          ],
          [
            -0.137454,
            0.971918,
            -0.191004
          ],
          [
            0.11,
            0.20662,
            0.972218
          ]
        ],
        [
          [
            0.999871,
            0.015005,
            0.005672
          ],
          [
            -0.015481,
            0.995242,
            0.096193
          ],
          [
            -0.004202,
            -0.096268,
            0.995347
          ]
        ],
        [
          [
            0.983867,
            -0.177059,
            -0.025617
          ],
          [
            0.177527,
            0.983963,
            0.017324
          ],
          [
            0.022138,
            -0.021592,
            0.999522
          ]
        ],
        [
          [
            0.999072,
            -0.015662,
            -0.040116
          ],
          [
            0.018661,
            0.99697,
            0.075512
          ],
          [
            0.038812,
            -0.07619,
            0.996338
          ]
        ],
        [
          [
            0.999534,
            0.007086,
            0.029677
          ],
          [
