{
  "format": "gf5_keyframed_motion",
  "version": 1,
  "name": "Two-hand wave",
  "profile_name": "course_body_24",
  "joint_order": [
    "pelvis",
    "left_hip",
    "right_hip",
    "spine1",
    "left_knee",
    "right_knee",
    "spine2",
    "left_ankle",
    "right_ankle",
    "spine3",
    "left_foot",
    "right_foot",
    "neck",
    "left_collar",
    "right_collar",
    "head",
    "left_shoulder",
    "right_shoulder",
    "left_elbow",
    "right_elbow",
    "left_wrist",
    "right_wrist",
    "left_hand",
    "right_hand"
  ],
  "coordinate_convention": {
    "name": "gf5_viewer_body",
    "up_axis": [
      0.0,
      0.0,
      1.0
    ],
    "forward_axis": [
      0.0,
      1.0,
      0.0
    ],
    "anatomical_right_axis": [
      1.0,
      0.0,
      0.0
    ],
    "native_smpl_to_viewer": "viewer=(-native_x, native_z, native_y)"
  },
  "duration_sec": 2.966667,
  "exported_at": "2026-05-13T23:48:15",
  "source_asset_name": null,
  "source_motion": {
    "format": "amass_npz",
    "path": "staff_tools/motion_fallback/packs/hy_motion_palette/clips/wave_both_01.npz",
    "frame_rate": 30.0,
    "frame_count": 90,
    "pose_source": "poses",
    "translation_source": "trans",
    "start_sec": 0.0,
    "end_sec": 2.966667,
    "sample_fps": 12.0,
    "manifest": "staff_tools/motion_fallback/packs/hy_motion_palette/manifest.json"
  },
  "keyframes": [
    {
      "time_sec": 0.0,
      "root_offset": [
        0.0,
        0.0,
        0.0
      ],
      "local_rotation_matrices": [
        [
          [
            0.999533,
            0.021034,
            0.022162
          ],
          [
            -0.022579,
            0.997151,
            0.071967
          ],
          [
            -0.020585,
            -0.072434,
            0.997161
          ]
        ],
        [
          [
            0.987471,
            -0.146879,
            0.057681
          ],
          [
            0.154126,
            0.97615,
            -0.152896
          ],
          [
            -0.033848,
            0.159871,
            0.986557
          ]
        ],
        [
          [
            0.997332,
            0.052195,
            -0.051032
          ],
          [
            -0.061263,
            0.978619,
            -0.196347
          ],
          [
            0.039693,
            0.198949,
            0.979206
          ]
        ],
        [
          [
            0.999132,
            0.021889,
            -0.035444
          ],
          [
            -0.022137,
            0.999733,
            -0.006609
          ],
          [
            0.03529,
            0.007387,
            0.99935
          ]
        ],
        [
          [
            0.999956,
            0.009286,
            -0.00159
          ],
          [
            -0.008877,
            0.985244,
            0.170924
          ],
          [
            0.003153,
            -0.170903,
            0.985283
          ]
        ],
        [
          [
            0.999389,
            -0.029424,
            0.018865
          ],
          [
            0.026506,
            0.989836,
            0.139719
          ],
          [
            -0.022785,
            -0.139133,
            0.990012
          ]
        ],
        [
          [
            0.997496,
            -0.06973,
            0.011846
          ],
          [
            0.070238,
            0.99628,
            -0.04992
          ],
          [
            -0.008321,
            0.050627,
            0.998683
          ]
        ],
        [
          [
            0.999356,
            0.029537,
            -0.020385
          ],
          [
            -0.031545,
            0.993813,
            -0.106497
          ],
          [
            0.017113,
            0.107071,
            0.994104
          ]
        ],
        [
          [
            0.991175,
            -0.052346,
            -0.121783
          ],
          [
            0.053499,
            0.998549,
            0.006213
          ],
          [
            0.121281,
            -0.012673,
            0.992537
          ]
        ],
        [
          [
            0.999659,
            0.025898,
            0.003261
          ],
          [
            -0.025959,
            0.99946,
            0.020133
          ],
          [
            -0.002738,
            -0.02021,
            0.999792
          ]
        ],
        [
          [
            0.999371,
            -0.025608,
            0.024549
          ],
          [
            0.022919,
            0.994294,
            0.104182
          ],
          [
            -0.027077,
            -0.103554,
            0.994255
          ]
        ],
        [
          [
            0.951069,
            0.016604,
            0.308531
          ],
          [
            0.026469,
            0.990506,
            -0.134897
          ],
          [
            -0.307842,
            0.136463,
            0.9416
          ]
        ],
        [
          [
            0.998349,
            0.043339,
            0.037685
          ],
          [
            -0.039821,
            0.995185,
            -0.089559
          ],
          [
            -0.041385,
            0.08791,
            0.995268
          ]
        ],
        [
          [
            0.942433,
            0.333953,
            -0.017168
          ],
          [
            -0.328825,
            0.916185,
            -0.229083
          ],
          [
            -0.060774,
            0.221541,
            0.973255
          ]
        ],
        [
          [
            0.944003,
            -0.314915,
            0.098424
          ],
          [
            0.321845,
            0.944587,
            -0.064592
          ],
          [
            -0.072629,
            0.092653,
            0.993046
          ]
        ],
        [
          [
            0.991874,
            0.111924,
            -0.060487
          ],
          [
            -0.115404,
            0.991655,
            -0.057473
          ],
          [
            0.05355,
            0.063987,
            0.996513
          ]
        ],
        [
          [
            0.806535,
            -0.401023,
            0.434375
          ],
          [
            0.540334,
            0.79817,
            -0.266391
          ],
          [
            -0.239876,
            0.449561,
            0.860438
          ]
        ],
        [
          [
            0.845666,
            0.269468,
            -0.460691
          ],
          [
            -0.501181,
            0.697698,
            -0.511893
          ],
          [
            0.183485,
            0.66378,
            0.725072
          ]
        ],
        [
          [
            0.657861,
            0.751815,
            0.044651
          ],
          [
            -0.702952,
            0.634222,
            -0.321902
          ],
          [
            -0.270329,
            0.18038,
            0.945719
          ]
        ],
        [
          [
            0.833744,
            -0.552074,
            -0.009213
          ],
          [
            0.544258,
            0.824523,
            -0.154742
          ],
          [
            0.093025,
            0.124,
            0.987912
          ]
        ],
        [
          [
            0.996685,
            -0.015568,
            0.079854
          ],
          [
            1e-06,
            0.981525,
            0.191336
          ],
          [
            -0.081357,
            -0.190702,
            0.978271
          ]
        ],
        [
          [
            0.984316,
            0.138421,
            -0.109373
          ],
          [
            -0.132298,
            0.989305,
            0.061418
          ],
          [
            0.116705,
            -0.045985,
            0.992101
          ]
        ],
        [
          [
            1.0,
            0.0,
            0.0
          ],
          [
            0.0,
            1.0,
            0.0
          ],
          [
            0.0,
            0.0,
            1.0
          ]
        ],
        [
          [
            1.0,
            0.0,
            0.0
          ],
          [
            0.0,
            1.0,
            0.0
          ],
          [
            0.0,
            0.0,
            1.0
          ]
        ]
      ]
    },
    {
      "time_sec": 0.084762,
      "root_offset": [
        -0.002319,
        0.000808,
        -0.000154
      ],
      "local_rotation_matrices": [
        [
          [
            0.999735,
            0.010273,
            0.020618
          ],
          [
            -0.011775,
            0.997184,
            0.074069
          ],
          [
            -0.019799,
            -0.074292,
            0.99704
          ]
        ],
        [
          [
            0.988199,
            -0.142064,
            0.057268
          ],
          [
            0.149301,
            0.976895,
            -0.152919
          ],
          [
            -0.03422,
            0.159665,
            0.986578
          ]
        ],
        [
          [
            0.997263,
            0.05347,
            -0.051062
          ],
          [
            -0.06212,
            0.980486,
            -0.186514
          ],
          [
            0.040093,
            0.189176,
            0.981124
          ]
        ],
        [
          [
            0.999184,
            0.019407,
            -0.035432
          ],
          [
            -0.019931,
            0.999696,
            -0.014491
          ],
          [
            0.03514,
            0.015185,
            0.999267
          ]
        ],
        [
          [
            0.999969,
            0.00785,
            -0.001075
          ],
          [
            -0.007562,
            0.986029,
            0.1664
          ],
          [
            0.002366,
            -0.166386,
            0.986058
          ]
        ],
        [
          [
            0.999517,
            -0.025122,
            0.018274
          ],
          [
            0.022701,
            0.992221,
            0.122398
          ],
          [
            -0.021207,
            -0.121924,
            0.992313
          ]
        ],
        [
          [
            0.997088,
            -0.075745,
            0.008881
          ],
          [
            0.076084,
            0.99596,
            -0.047687
          ],
          [
            -0.005233,
            0.048223,
            0.998823
          ]
        ],
        [
          [
            0.999227,
            0.035406,
            -0.017108
          ],
          [
            -0.037024,
            0.993679,
            -0.105982
          ],
          [
            0.013248,
            0.106533,
            0.994221
          ]
        ],
        [
          [
            0.990862,
            -0.04946,
            -0.125487
          ],
          [
            0.051361,
            0.998609,
            0.01196
          ],
          [
            0.124721,
            -0.018296,
            0.992023
          ]
        ],
        [
          [
            0.999583,
            0.028214,
            0.006219
          ],
          [
            -0.028298,
            0.999504,
            0.01384
          ],
          [
            -0.005825,
            -0.014011,
            0.999885
          ]
        ],
        [
          [
            0.999614,
            -0.024832,
            0.01248
          ],
          [
            0.023258,
            0.993273,
            0.113435
          ],
          [
            -0.015213,
            -0.113101,
            0.993467
          ]
        ],
        [
          [
            0.946333,
            0.020541,
            0.322541
          ],
          [
            0.02456,
            0.990522,
            -0.135142
          ],
          [
            -0.32226,
            0.135811,
            0.936859
          ]
        ],
        [
          [
            0.998554,
            0.042324,
            0.033153
          ],
          [
            -0.039832,
            0.996572,
            -0.072508
          ],
          [
            -0.036108,
            0.071083,
            0.996817
          ]
        ],
        [
          [
            0.938887,
            0.344141,
            -0.007551
          ],
          [
            -0.33761,
            0.916345,
            -0.215246
          ],
          [
            -0.067156,
            0.204641,
            0.976531
          ]
        ],
        [
          [
            0.942662,
            -0.318992,
            0.09814
          ],
          [
            0.326731,
            0.942024,
            -0.076408
          ],
          [
            -0.068076,
            0.104093,
            0.992235
          ]
        ],
        [
          [
            0.991763,
            0.116368,
            -0.053515
          ],
          [
            -0.119146,
            0.991513,
            -0.052025
          ],
          [
            0.047006,
            0.057972,
            0.997211
          ]
        ],
        [
          [
            0.805402,
            -0.382663,
            0.452655
          ],
          [
            0.540377,
            0.787841,
            -0.295464
          ],
          [
            -0.243557,
            0.482571,
            0.841311
          ]
        ],
        [
          [
            0.847111,
            0.252573,
            -0.467558
          ],
          [
            -0.481463,
            0.737186,
            -0.474078
          ],
          [
            0.224937,
            0.626709,
            0.746083
          ]
        ],
        [
          [
            0.634655,
            0.77145,
            0.045579
          ],
          [
            -0.723445,
            0.613831,
            -0.315974
          ],
          [
            -0.271736,
            0.167561,
            0.947672
          ]
        ],
        [
          [
            0.857725,
            -0.514095,
            0.003758
          ],
          [
            0.506144,
            0.843131,
            -0.181517
          ],
          [
            0.090148,
            0.157594,
            0.983381
          ]
        ],
        [
          [
            0.995372,
            -0.014604,
            0.094982
          ],
          [
            -0.002476,
            0.984159,
            0.177271
          ],
          [
            -0.096066,
            -0.176686,
            0.979568
          ]
        ],
        [
          [
            0.979929,
            0.138049,
            -0.143808
          ],
          [
            -0.129963,
            0.989436,
            0.064227
          ],
          [
            0.151155,
            -0.044248,
            0.987519
          ]
        ],
        [
          [
            1.0,
            0.0,
            0.0
          ],
          [
            0.0,
            1.0,
            0.0
          ],
          [
            0.0,
            0.0,
            1.0
          ]
        ],
        [
          [
            1.0,
            0.0,
            0.0
          ],
          [
            0.0,
            1.0,
            0.0
          ],
          [
            0.0,
            0.0,
            1.0
          ]
        ]
      ]
    },
    {
      "time_sec": 0.169524,
      "root_offset": [
        -0.002928,
        0.001323,
        0.000198
      ],
      "local_rotation_matrices": [
        [
          [
            0.999803,
            0.002282,
            0.01972
          ],
          [
            -0.003791,
            0.997039,
            0.076803
          ],
          [
            -0.019486,
            -0.076863,
            0.996851
          ]
        ],
        [
          [
            0.988994,
            -0.13655,
            0.056963
          ],
          [
            0.143872,
            0.977394,
            -0.154924
          ],
          [
            -0.03452,
            0.161414,
            0.986283
          ]
        ],
        [
          [
            0.997159,
            0.055392,
            -0.051039
          ],
          [
            -0.063811,
            0.981281,
            -0.181701
          ],
          [
            0.040019,
            0.184442,
            0.982028
          ]
        ],
        [
          [
            0.999197,
            0.01976,
            -0.034841
          ],
          [
            -0.02044,
            0.999606,
            -0.01926
          ],
          [
            0.034447,
            0.019957,
            0.999207
          ]
        ],
        [
          [
            0.999996,
            0.002847,
            -0.000418
          ],
          [
            -0.002741,
            0.986652,
            0.162817
          ],
          [
            0.000876,
            -0.162816,
            0.986656
          ]
        ],
        [
          [
            0.999652,
            -0.019693,
            0.017528
          ],
          [
            0.017636,
            0.993705,
            0.110635
          ],
          [
            -0.019597,
            -0.110288,
            0.993707
          ]
        ],
        [
          [
            0.997031,
            -0.076653,
            0.007268
          ],
          [
            0.076902,
            0.996035,
            -0.044726
          ],
          [
            -0.003811,
            0.045152,
            0.998973
          ]
        ],
        [
          [
            0.998851,
            0.045996,
            -0.013482
          ],
          [
            -0.047137,
            0.993632,
            -0.102343
          ],
          [
            0.008688,
            0.102861,
            0.994658
          ]
        ],
        [
          [
            0.991099,
            -0.048457,
            -0.123991
          ],
          [
            0.050648,
            0.99861,
            0.014574
          ],
          [
            0.123113,
            -0.020724,
            0.992176
          ]
        ],
        [
          [
            0.999541,
            0.029495,
            0.006969
          ],
          [
            -0.02955,
            0.999532,
            0.007875
          ],
          [
            -0.006733,
            -0.008077,
            0.999945
          ]
        ],
        [
          [
            0.999508,
            -0.031206,
            0.003211
          ],
          [
            0.030663,
            0.993446,
            0.11011
          ],
          [
            -0.006626,
            -0.109958,
            0.993914
          ]
        ],
        [
          [
            0.947053,
            0.019459,
            0.320486
          ],
          [
            0.02328,
            0.991373,
            -0.128989
          ],
          [
            -0.320231,
            0.12962,
            0.93843
          ]
        ],
        [
          [
            0.998722,
            0.037646,
            0.033709
          ],
          [
            -0.03533,
            0.997138,
            -0.066838
          ],
          [
            -0.036129,
            0.065561,
            0.997194
          ]
        ],
        [
          [
            0.937505,
            0.347965,
            0.002056
          ],
          [
            -0.339707,
            0.916502,
            -0.211242
          ],
          [
            -0.07539,
            0.197341,
            0.977432
          ]
        ],
        [
          [
            0.945041,
            -0.313686,
            0.092184
          ],
          [
            0.320811,
            0.944058,
            -0.076393
          ],
          [
            -0.063064,
            0.101768,
            0.992807
          ]
        ],
        [
          [
            0.991115,
            0.121185,
            -0.054816
          ],
          [
            -0.123839,
            0.991144,
            -0.047928
          ],
          [
            0.048522,
            0.05429,
            0.997346
          ]
        ],
        [
          [
            0.802957,
            -0.380793,
            0.458537
          ],
          [
            0.549376,
            0.771222,
            -0.321563
          ],
          [
            -0.231185,
            0.510111,
            0.828457
          ]
        ],
        [
          [
            0.84212,
            0.262553,
            -0.471063
          ],
          [
            -0.493897,
            0.726244,
            -0.478158
          ],
          [
            0.216565,
            0.635323,
            0.741259
          ]
        ],
        [
          [
            0.566867,
            0.819845,
            0.080722
          ],
          [
            -0.765749,
            0.560513,
            -0.315361
          ],
          [
            -0.303793,
            0.116955,
            0.945532
          ]
        ],
        [
          [
            0.775486,
            -0.630491,
            -0.03321
          ],
          [
            0.618105,
            0.768872,
            -0.163654
          ],
          [
            0.128717,
            0.106384,
            0.985959
          ]
        ],
        [
          [
            0.989955,
            -0.006805,
            0.141218
          ],
          [
            -0.019233,
            0.983074,
            0.182198
          ],
          [
            -0.140068,
            -0.183084,
            0.973068
          ]
        ],
        [
          [
            0.975014,
            0.133302,
            -0.177705
          ],
          [
            -0.123719,
            0.990251,
            0.064005
          ],
          [
            0.184504,
            -0.04042,
            0.982
          ]
        ],
        [
          [
            1.0,
            0.0,
            0.0
          ],
          [
            0.0,
            1.0,
            0.0
          ],
          [
            0.0,
            0.0,
            1.0
          ]
        ],
        [
          [
            1.0,
            0.0,
            0.0
          ],
          [
            0.0,
            1.0,
            0.0
          ],
          [
            0.0,
            0.0,
            1.0
          ]
        ]
      ]
    },
    {
      "time_sec": 0.254286,
      "root_offset": [
        -0.004258,
        0.003424,
        0.000767
      ],
      "local_rotation_matrices": [
        [
          [
            0.99969,
            -0.016104,
            0.018978
          ],
          [
            0.01465,
            0.997122,
            0.074386
          ],
          [
            -0.020121,
            -0.074085,
            0.997049
          ]
        ],
        [
          [
            0.990784,
            -0.123526,
            0.055572
          ],
          [
            0.130782,
            0.979202,
            -0.155112
          ],
          [
            -0.035256,
            0.16095,
            0.986333
          ]
        ],
        [
          [
            0.996681,
            0.062399,
            -0.052281
          ],
          [
            -0.070564,
            0.982454,
            -0.172641
          ],
          [
            0.040591,
            0.175757,
            0.983596
          ]
        ],
        [
          [
            0.99894,
            0.028643,
            -0.036034
          ],
          [
            -0.029102,
            0.999501,
            -0.012267
          ],
          [
            0.035665,
            0.013302,
            0.999275
          ]
        ],
        [
          [
            0.999942,
            -0.010509,
            0.002456
          ],
          [
            0.009963,
            0.986358,
            0.164313
          ],
          [
            -0.004149,
            -0.164279,
            0.986405
          ]
        ],
        [
          [
            0.999857,
            -0.005913,
            0.015816
          ],
          [
            0.004221,
            0.994464,
            0.10499
          ],
          [
            -0.016349,
            -0.104908,
            0.994348
          ]
        ],
        [
          [
            0.997696,
            -0.06552,
            0.017581
          ],
          [
            0.066178,
            0.997012,
            -0.039834
          ],
          [
            -0.014918,
            0.040906,
            0.999052
          ]
        ],
        [
          [
            0.997354,
            0.069408,
            -0.021604
          ],
          [
            -0.071222,
            0.992497,
            -0.099385
          ],
          [
            0.014544,
            0.100661,
            0.994814
          ]
        ],
        [
          [
            0.990667,
            -0.052199,
            -0.125913
          ],
          [
            0.054487,
            0.998405,
            0.014796
          ],
          [
            0.12494,
            -0.021519,
            0.991931
          ]
        ],
        [
          [
            0.999517,
            0.031071,
            -0.000549
          ],
          [
            -0.031072,
            0.999516,
            -0.001447
          ],
          [
            0.000504,
            0.001463,
            0.999999
          ]
        ],
        [
          [
            0.998549,
            -0.047843,
            0.024733
          ],
          [
            0.04491,
            0.993141,
            0.107956
          ],
          [
            -0.029728,
            -0.106688,
            0.993848
          ]
        ],
        [
          [
            0.94471,
            0.021512,
            0.327201
          ],
          [
            0.019991,
            0.992211,
            -0.122953
          ],
          [
            -0.327298,
            0.122696,
            0.936922
          ]
        ],
        [
          [
            0.998361,
            0.036751,
            0.043873
          ],
          [
            -0.033218,
            0.996343,
            -0.078717
          ],
          [
            -0.046606,
            0.07713,
            0.995931
          ]
        ],
        [
          [
            0.937045,
            0.349183,
            0.004321
          ],
          [
            -0.340534,
            0.916436,
            -0.210192
          ],
          [
            -0.077356,
            0.195488,
            0.977651
          ]
        ],
        [
          [
            0.949183,
            -0.305602,
            0.075231
          ],
          [
            0.310111,
            0.948936,
            -0.057891
          ],
          [
            -0.053698,
            0.078279,
            0.995484
          ]
        ],
        [
          [
            0.991074,
            0.116124,
            -0.065486
          ],
          [
            -0.118592,
            0.992321,
            -0.035146
          ],
          [
            0.060902,
            0.042598,
            0.997234
          ]
        ],
        [
          [
            0.785872,
            -0.413309,
            0.45998
          ],
          [
            0.596142,
            0.704073,
            -0.385869
          ],
          [
            -0.164376,
            0.577457,
            0.799702
          ]
        ],
        [
          [
            0.82403,
            0.294171,
            -0.484187
          ],
          [
            -0.544649,
            0.646631,
            -0.534065
          ],
          [
            0.155984,
            0.703798,
            0.693064
          ]
        ],
        [
          [
            0.308372,
            0.948959,
            0.066211
          ],
          [
            -0.879645,
            0.310959,
            -0.359902
          ],
          [
            -0.362121,
            0.052741,
            0.930638
          ]
        ],
        [
          [
            0.392049,
            -0.91086,
            -0.128966
          ],
          [
            0.893237,
            0.410442,
            -0.183482
          ],
          [
            0.22006,
            -0.043263,
            0.974527
          ]
        ],
        [
          [
            0.965608,
            -0.029876,
            0.25828
          ],
          [
            -0.015964,
            0.984689,
            0.173586
          ],
          [
            -0.259512,
            -0.171739,
            0.950347
          ]
        ],
        [
          [
            0.962406,
            0.159127,
            -0.220122
          ],
          [
            -0.144691,
            0.986211,
            0.080325
          ],
          [
            0.229868,
            -0.045456,
            0.97216
          ]
        ],
        [
          [
            1.0,
            0.0,
            0.0
          ],
          [
            0.0,
            1.0,
            0.0
          ],
          [
            0.0,
            0.0,
            1.0
          ]
        ],
        [
          [
            1.0,
            0.0,
            0.0
          ],
          [
            0.0,
            1.0,
            0.0
          ],
          [
            0.0,
            0.0,
            1.0
          ]
        ]
      ]
    },
    {
      "time_sec": 0.339048,
      "root_offset": [
        -0.00527,
        0.005182,
        0.001046
      ],
      "local_rotation_matrices": [
        [
          [
            0.999398,
            -0.02939,
            0.018427
          ],
          [
            0.027993,
            0.997014,
            0.071975
          ],
          [
            -0.020488,
            -0.071416,
            0.997236
          ]
        ],
        [
          [
            0.991964,
            -0.114108,
            0.054652
          ],
          [
            0.12136,
            0.980263,
            -0.156063
          ],
          [
            -0.035765,
            0.161441,
            0.986234
          ]
        ],
        [
          [
            0.996345,
            0.066657,
            -0.05341
          ],
          [
            -0.074716,
            0.983155,
            -0.166803
          ],
          [
            0.041392,
            0.170184,
            0.984543
          ]
        ],
        [
          [
            0.998636,
            0.03644,
            -0.037382
          ],
          [
            -0.036688,
            0.999309,
            -0.005966
          ],
          [
            0.037139,
            0.007329,
            0.999283
          ]
        ],
        [
          [
            0.99979,
            -0.020036,
            0.00423
          ],
          [
            0.019032,
            0.985392,
            0.169235
          ],
          [
            -0.00756,
            -0.169119,
            0.985567
          ]
        ],
        [
          [
            0.999876,
            0.002769,
            0.015487
          ],
          [
            -0.004352,
            0.994657,
            0.103146
          ],
          [
            -0.015118,
            -0.103201,
            0.994546
          ]
        ],
        [
          [
            0.997988,
            -0.057364,
            0.027021
          ],
          [
            0.058333,
            0.997628,
            -0.036555
          ],
          [
            -0.02486,
            0.038058,
            0.998966
          ]
        ],
        [
          [
            0.995988,
            0.084092,
            -0.030599
          ],
          [
            -0.086803,
            0.990992,
            -0.101983
          ],
          [
            0.021747,
            0.10423,
            0.994315
          ]
        ],
        [
          [
            0.989642,
            -0.055322,
            -0.132467
          ],
          [
            0.057766,
            0.998222,
            0.014671
          ],
          [
            0.13142,
            -0.022171,
            0.991079
          ]
        ],
        [
          [
            0.999462,
            0.032136,
            -0.006606
          ],
          [
            -0.032214,
            0.999409,
            -0.012031
          ],
          [
            0.006216,
            0.012238,
            0.999906
          ]
        ],
        [
          [
            0.99727,
            -0.057508,
            0.046314
          ],
          [
            0.051568,
            0.991362,
            0.120587
          ],
          [
            -0.052848,
            -0.11787,
            0.991622
          ]
        ],
        [
          [
            0.93727,
            0.026602,
            0.347587
          ],
          [
            0.016544,
            0.992566,
            -0.120576
          ],
          [
            -0.348211,
            0.118763,
            0.929863
          ]
        ],
        [
          [
            0.997948,
            0.042574,
            0.04783
          ],
          [
            -0.038463,
            0.995739,
            -0.083814
          ],
          [
            -0.051194,
            0.081802,
            0.995333
          ]
        ],
        [
          [
            0.935102,
            0.354378,
            0.000672
          ],
          [
            -0.346858,
            0.915643,
            -0.203191
          ],
          [
            -0.072622,
            0.189772,
            0.979139
          ]
        ],
        [
          [
            0.950581,
            -0.303521,
            0.065347
          ],
          [
            0.306604,
            0.950835,
            -0.043662
          ],
          [
            -0.048882,
            0.06154,
            0.996907
          ]
        ],
        [
          [
            0.991629,
            0.109395,
            -0.068598
          ],
          [
            -0.111107,
            0.993573,
            -0.021646
          ],
          [
            0.065789,
            0.029087,
            0.99741
          ]
        ],
        [
          [
            0.777328,
            -0.424437,
            0.464342
          ],
          [
            0.619265,
            0.646222,
            -0.44599
          ],
          [
            -0.110774,
            0.634232,
            0.765166
          ]
        ],
        [
          [
            0.819115,
            0.296346,
            -0.491151
          ],
          [
            -0.560647,
            0.594722,
            -0.576178
          ],
          [
            0.121351,
            0.747318,
            0.653291
          ]
        ],
        [
          [
            0.030076,
            0.999378,
            0.018424
          ],
          [
            -0.927444,
            0.034775,
            -0.372342
          ],
          [
            -0.372751,
            -0.005888,
            0.927913
          ]
        ],
        [
          [
            0.041956,
            -0.981161,
            -0.188581
          ],
          [
            0.958984,
            0.092506,
            -0.26794
          ],
          [
            0.280338,
            -0.169605,
            0.944799
          ]
        ],
        [
          [
            0.920149,
            -0.077256,
            0.383871
          ],
          [
            0.014472,
            0.986383,
            0.163826
          ],
          [
            -0.3913,
            -0.145189,
            0.908738
          ]
        ],
        [
          [
            0.931964,
            0.203556,
            -0.300014
          ],
          [
            -0.187887,
            0.978885,
            0.080509
          ],
          [
            0.310068,
            -0.018663,
            0.950531
          ]
        ],
        [
          [
            1.0,
            0.0,
            0.0
          ],
          [
            0.0,
            1.0,
            0.0
          ],
          [
            0.0,
            0.0,
            1.0
          ]
        ],
        [
          [
            1.0,
            0.0,
            0.0
          ],
          [
            0.0,
            1.0,
            0.0
          ],
          [
            0.0,
            0.0,
            1.0
          ]
        ]
      ]
    },
    {
      "time_sec": 0.42381,
      "root_offset": [
        -0.004188,
        0.003776,
        0.00098
      ],
      "local_rotation_matrices": [
        [
          [
            0.999176,
            -0.03599,
            0.018779
          ],
          [
            0.03455,
            0.996799,
            0.072092
          ],
          [
            -0.021313,
            -0.071384,
            0.997221
          ]
        ],
        [
          [
            0.99267,
            -0.108485,
            0.053268
          ],
          [
            0.115687,
            0.980469,
            -0.159052
          ],
          [
            -0.034973,
            0.164049,
            0.985832
          ]
        ],
        [
          [
            0.996613,
            0.062761,
            -0.053137
          ],
          [
            -0.071047,
            0.982521,
            -0.172061
          ],
          [
            0.041409,
            0.175254,
            0.983652
          ]
        ],
        [
          [
            0.998469,
            0.041201,
            -0.036912
          ],
          [
            -0.041551,
            0.999098,
            -0.008743
          ],
          [
            0.036518,
            0.010263,
            0.99928
          ]
        ],
        [
          [
            0.999513,
            -0.030579,
            0.006261
          ],
          [
            0.02903,
            0.984409,
            0.17348
          ],
          [
            -0.011468,
            -0.173214,
            0.984817
          ]
        ],
        [
          [
            0.999844,
            0.011538,
            0.013381
          ],
          [
            -0.012999,
            0.993307,
            0.114774
          ],
          [
            -0.011967,
            -0.11493,
            0.993302
          ]
        ],
        [
          [
            0.998222,
            -0.052653,
            0.02793
          ],
          [
            0.053521,
            0.998076,
            -0.031306
          ],
          [
            -0.026228,
            0.032745,
            0.99912
          ]
        ],
        [
          [
            0.9949,
            0.098227,
            -0.022925
          ],
          [
            -0.10009,
            0.98956,
            -0.103701
          ],
          [
            0.012499,
            0.105467,
            0.994344
          ]
        ],
        [
          [
            0.990925,
            -0.052332,
            -0.123813
          ],
          [
            0.053105,
            0.998585,
            0.002949
          ],
          [
            0.123483,
            -0.009497,
            0.992301
          ]
        ],
        [
          [
            0.999409,
            0.033901,
            -0.005754
          ],
          [
            -0.034016,
            0.999195,
            -0.021261
          ],
          [
            0.005029,
            0.021444,
            0.999757
          ]
        ],
        [
          [
            0.997455,
            -0.068201,
            0.020772
          ],
          [
