{
  "format": "gf5_keyframed_motion",
  "version": 1,
  "name": "Bend down",
  "profile_name": "course_body_24",
  "joint_order": [
    "pelvis",
    "left_hip",
    "right_hip",
    "spine1",
    "left_knee",
    "right_knee",
    "spine2",
    "left_ankle",
    "right_ankle",
    "spine3",
    "left_foot",
    "right_foot",
    "neck",
    "left_collar",
    "right_collar",
    "head",
    "left_shoulder",
    "right_shoulder",
    "left_elbow",
    "right_elbow",
    "left_wrist",
    "right_wrist",
    "left_hand",
    "right_hand"
  ],
  "coordinate_convention": {
    "name": "gf5_viewer_body",
    "up_axis": [
      0.0,
      0.0,
      1.0
    ],
    "forward_axis": [
      0.0,
      1.0,
      0.0
    ],
    "anatomical_right_axis": [
      1.0,
      0.0,
      0.0
    ],
    "native_smpl_to_viewer": "viewer=(-native_x, native_z, native_y)"
  },
  "duration_sec": 3.966667,
  "exported_at": "2026-05-13T23:48:15",
  "source_asset_name": null,
  "source_motion": {
    "format": "amass_npz",
    "path": "staff_tools/motion_fallback/packs/hy_motion_palette/clips/bend_down_01.npz",
    "frame_rate": 30.0,
    "frame_count": 120,
    "pose_source": "poses",
    "translation_source": "trans",
    "start_sec": 0.0,
    "end_sec": 3.966667,
    "sample_fps": 12.0,
    "manifest": "staff_tools/motion_fallback/packs/hy_motion_palette/manifest.json"
  },
  "keyframes": [
    {
      "time_sec": 0.0,
      "root_offset": [
        0.0,
        0.0,
        0.0
      ],
      "local_rotation_matrices": [
        [
          [
            0.967535,
            -0.248064,
            -0.048374
          ],
          [
            0.251368,
            0.964398,
            0.082165
          ],
          [
            0.026269,
            -0.091657,
            0.995444
          ]
        ],
        [
          [
            0.99954,
            -0.028511,
            -0.010312
          ],
          [
            0.027158,
            0.993167,
            -0.1135
          ],
          [
            0.013478,
            0.113168,
            0.993484
          ]
        ],
        [
          [
            0.919387,
            0.388555,
            -0.061259
          ],
          [
            -0.392854,
            0.914864,
            -0.093217
          ],
          [
            0.019824,
            0.109768,
            0.993759
          ]
        ],
        [
          [
            0.999222,
            0.036702,
            0.014409
          ],
          [
            -0.038273,
            0.990685,
            0.130688
          ],
          [
            -0.009478,
            -0.131138,
            0.991319
          ]
        ],
        [
          [
            0.999496,
            0.031589,
            -0.003055
          ],
          [
            -0.031484,
            0.999061,
            0.029755
          ],
          [
            0.003992,
            -0.029644,
            0.999553
          ]
        ],
        [
          [
            0.998901,
            -0.045194,
            0.012424
          ],
          [
            0.044753,
            0.998428,
            0.033746
          ],
          [
            -0.01393,
            -0.033153,
            0.999353
          ]
        ],
        [
          [
            0.899109,
            0.436901,
            0.026857
          ],
          [
            -0.428713,
            0.891323,
            -0.147476
          ],
          [
            -0.088371,
            0.121083,
            0.988701
          ]
        ],
        [
          [
            0.998031,
            0.062705,
            -0.001417
          ],
          [
            -0.062603,
            0.994528,
            -0.083635
          ],
          [
            -0.003836,
            0.083559,
            0.996495
          ]
        ],
        [
          [
            0.98505,
            -0.149118,
            0.086257
          ],
          [
            0.153294,
            0.987202,
            -0.043973
          ],
          [
            -0.078596,
            0.056538,
            0.995302
          ]
        ],
        [
          [
            0.999736,
            -0.00024,
            -0.022979
          ],
          [
            0.004754,
            0.980467,
            0.196625
          ],
          [
            0.022483,
            -0.196683,
            0.980209
          ]
        ],
        [
          [
            0.997378,
            0.040368,
            0.060056
          ],
          [
            -0.039615,
            0.999121,
            -0.013675
          ],
          [
            -0.060555,
            0.01126,
            0.998101
          ]
        ],
        [
          [
            0.999511,
            -0.007536,
            -0.030363
          ],
          [
            0.004902,
            0.996292,
            -0.085898
          ],
          [
            0.030898,
            0.085707,
            0.995841
          ]
        ],
        [
          [
            0.999843,
            0.016099,
            0.007413
          ],
          [
            -0.017718,
            0.918931,
            0.39402
          ],
          [
            -0.000468,
            -0.39409,
            0.919072
          ]
        ],
        [
          [
            0.979883,
            -0.167972,
            -0.107772
          ],
          [
            0.152356,
            0.978405,
            -0.139684
          ],
          [
            0.128908,
            0.120454,
            0.984314
          ]
        ],
        [
          [
            0.99265,
            0.120759,
            -0.007934
          ],
          [
            -0.121017,
            0.990082,
            -0.071357
          ],
          [
            -0.000762,
            0.071793,
            0.997419
          ]
        ],
        [
          [
            0.998894,
            -0.046974,
            -0.002111
          ],
          [
            0.046657,
            0.995733,
            -0.079621
          ],
          [
            0.005842,
            0.079434,
            0.996823
          ]
        ],
        [
          [
            0.510949,
            0.208646,
            -0.833905
          ],
          [
            -0.00851,
            0.971276,
            0.237803
          ],
          [
            0.859569,
            -0.114409,
            0.498049
          ]
        ],
        [
          [
            0.593567,
            -0.270065,
            0.758118
          ],
          [
            -0.030803,
            0.9337,
            0.35673
          ],
          [
            -0.804195,
            -0.235095,
            0.545894
          ]
        ],
        [
          [
            0.760437,
            0.64845,
            -0.035345
          ],
          [
            -0.648929,
            0.760843,
            -0.002863
          ],
          [
            0.025036,
            0.025114,
            0.999371
          ]
        ],
        [
          [
            0.745825,
            -0.665521,
            0.028761
          ],
          [
            0.665089,
            0.746378,
            0.024014
          ],
          [
            -0.037448,
            0.001219,
            0.999298
          ]
        ],
        [
          [
            0.997792,
            0.011154,
            -0.065471
          ],
          [
            -0.007139,
            0.998097,
            0.061243
          ],
          [
            0.06603,
            -0.06064,
            0.995973
          ]
        ],
        [
          [
            0.996534,
            -0.003512,
            0.083113
          ],
          [
            -0.00075,
            0.998689,
            0.05119
          ],
          [
            -0.083184,
            -0.051075,
            0.995225
          ]
        ],
        [
          [
            1.0,
            0.0,
            0.0
          ],
          [
            0.0,
            1.0,
            0.0
          ],
          [
            0.0,
            0.0,
            1.0
          ]
        ],
        [
          [
            1.0,
            0.0,
            0.0
          ],
          [
            0.0,
            1.0,
            0.0
          ],
          [
            0.0,
            0.0,
            1.0
          ]
        ]
      ]
    },
    {
      "time_sec": 0.084397,
      "root_offset": [
        -0.024036,
        -0.018518,
        -0.000749
      ],
      "local_rotation_matrices": [
        [
          [
            0.985555,
            -0.153048,
            -0.07251
          ],
          [
            0.161034,
            0.979449,
            0.121437
          ],
          [
            0.052434,
            -0.131359,
            0.989947
          ]
        ],
        [
          [
            0.997969,
            -0.063671,
            -0.001959
          ],
          [
            0.061776,
            0.974855,
            -0.214108
          ],
          [
            0.015543,
            0.213552,
            0.976808
          ]
        ],
        [
          [
            0.908502,
            0.41334,
            -0.061431
          ],
          [
            -0.41766,
            0.893389,
            -0.165575
          ],
          [
            -0.013557,
            0.176082,
            0.984282
          ]
        ],
        [
          [
            0.998766,
            0.035881,
            0.034347
          ],
          [
            -0.04104,
            0.985656,
            0.163701
          ],
          [
            -0.027981,
            -0.164909,
            0.985912
          ]
        ],
        [
          [
            0.999369,
            0.035461,
            0.002007
          ],
          [
            -0.035455,
            0.992618,
            0.115987
          ],
          [
            0.002121,
            -0.115985,
            0.993249
          ]
        ],
        [
          [
            0.99863,
            -0.051213,
            0.010772
          ],
          [
            0.050483,
            0.996943,
            0.059633
          ],
          [
            -0.013793,
            -0.059007,
            0.998162
          ]
        ],
        [
          [
            0.862721,
            0.504687,
            0.031687
          ],
          [
            -0.496309,
            0.857076,
            -0.138192
          ],
          [
            -0.096902,
            0.103495,
            0.989898
          ]
        ],
        [
          [
            0.998269,
            0.057916,
            0.010241
          ],
          [
            -0.056592,
            0.993288,
            -0.100882
          ],
          [
            -0.016015,
            0.100128,
            0.994846
          ]
        ],
        [
          [
            0.981991,
            -0.15898,
            0.102071
          ],
          [
            0.163508,
            0.985825,
            -0.037596
          ],
          [
            -0.094647,
            0.053608,
            0.994066
          ]
        ],
        [
          [
            0.99976,
            0.002429,
            -0.021779
          ],
          [
            0.002382,
            0.975903,
            0.218191
          ],
          [
            0.021784,
            -0.21819,
            0.975663
          ]
        ],
        [
          [
            0.997187,
            0.044312,
            0.060457
          ],
          [
            -0.043065,
            0.998835,
            -0.021776
          ],
          [
            -0.061352,
            0.019111,
            0.997933
          ]
        ],
        [
          [
            0.999334,
            -0.012469,
            -0.034296
          ],
          [
            0.00935,
            0.995929,
            -0.089649
          ],
          [
            0.035274,
            0.089269,
            0.995383
          ]
        ],
        [
          [
            0.999813,
            0.017496,
            0.008213
          ],
          [
            -0.019318,
            0.918365,
            0.395263
          ],
          [
            -0.000627,
            -0.395348,
            0.918531
          ]
        ],
        [
          [
            0.974427,
            -0.203405,
            -0.095493
          ],
          [
            0.1911,
            0.973704,
            -0.124019
          ],
          [
            0.118208,
            0.102599,
            0.987674
          ]
        ],
        [
          [
            0.98861,
            0.149129,
            -0.020275
          ],
          [
            -0.150228,
            0.985931,
            -0.073291
          ],
          [
            0.00906,
            0.075502,
            0.997104
          ]
        ],
        [
          [
            0.998996,
            -0.044794,
            0.000433
          ],
          [
            0.044708,
            0.996379,
            -0.072316
          ],
          [
            0.002808,
            0.072263,
            0.997382
          ]
        ],
        [
          [
            0.506629,
            0.128111,
            -0.852593
          ],
          [
            0.098395,
            0.973846,
            0.204799
          ],
          [
            0.856531,
            -0.187648,
            0.480773
          ]
        ],
        [
          [
            0.592162,
            -0.232159,
            0.771651
          ],
          [
            -0.083997,
            0.934599,
            0.345642
          ],
          [
            -0.801429,
            -0.269493,
            0.533934
          ]
        ],
        [
          [
            0.750113,
            0.660506,
            -0.032602
          ],
          [
            -0.660657,
            0.750651,
            0.007415
          ],
          [
            0.02937,
            0.015977,
            0.999441
          ]
        ],
        [
          [
            0.739634,
            -0.672397,
            0.028704
          ],
          [
            0.671963,
            0.740189,
            0.024187
          ],
          [
            -0.03751,
            0.001399,
            0.999295
          ]
        ],
        [
          [
            0.99805,
            0.012691,
            -0.061116
          ],
          [
            -0.00913,
            0.998263,
            0.058197
          ],
          [
            0.061748,
            -0.057525,
            0.996433
          ]
        ],
        [
          [
            0.996849,
            -0.007821,
            0.078942
          ],
          [
            0.003829,
            0.998712,
            0.050595
          ],
          [
            -0.079236,
            -0.050133,
            0.995594
          ]
        ],
        [
          [
            1.0,
            0.0,
            0.0
          ],
          [
            0.0,
            1.0,
            0.0
          ],
          [
            0.0,
            0.0,
            1.0
          ]
        ],
        [
          [
            1.0,
            0.0,
            0.0
          ],
          [
            0.0,
            1.0,
            0.0
          ],
          [
            0.0,
            0.0,
            1.0
          ]
        ]
      ]
    },
    {
      "time_sec": 0.168794,
      "root_offset": [
        -0.031012,
        -0.030924,
        -0.003826
      ],
      "local_rotation_matrices": [
        [
          [
            0.994163,
            -0.064527,
            -0.086468
          ],
          [
            0.077759,
            0.984109,
            0.159635
          ],
          [
            0.074793,
            -0.165427,
            0.983382
          ]
        ],
        [
          [
            0.996346,
            -0.084665,
            0.011289
          ],
          [
            0.083887,
            0.94506,
            -0.315951
          ],
          [
            0.016082,
            0.315743,
            0.948708
          ]
        ],
        [
          [
            0.896146,
            0.439854,
            -0.058739
          ],
          [
            -0.440693,
            0.86659,
            -0.234119
          ],
          [
            -0.052075,
            0.23569,
            0.970432
          ]
        ],
        [
          [
            0.99786,
            0.033255,
            0.056295
          ],
          [
            -0.043864,
            0.978973,
            0.199217
          ],
          [
            -0.048486,
            -0.20126,
            0.978337
          ]
        ],
        [
          [
            0.999321,
            0.036131,
            0.007282
          ],
          [
            -0.036851,
            0.975701,
            0.215984
          ],
          [
            0.000699,
            -0.216105,
            0.97637
          ]
        ],
        [
          [
            0.998501,
            -0.053971,
            0.009067
          ],
          [
            0.053016,
            0.995019,
            0.084422
          ],
          [
            -0.013578,
            -0.083815,
            0.996389
          ]
        ],
        [
          [
            0.828135,
            0.559236,
            0.038057
          ],
          [
            -0.550934,
            0.82459,
            -0.128542
          ],
          [
            -0.103267,
            0.085483,
            0.990974
          ]
        ],
        [
          [
            0.998484,
            0.052373,
            0.016925
          ],
          [
            -0.049877,
            0.991011,
            -0.124137
          ],
          [
            -0.023275,
            0.123105,
            0.992121
          ]
        ],
        [
          [
            0.980747,
            -0.160266,
            0.11158
          ],
          [
            0.165243,
            0.985566,
            -0.036817
          ],
          [
            -0.104068,
            0.054546,
            0.993073
          ]
        ],
        [
          [
            0.999773,
            0.005229,
            -0.02065
          ],
          [
            -0.000173,
            0.971359,
            0.237618
          ],
          [
            0.021301,
            -0.23756,
            0.971139
          ]
        ],
        [
          [
            0.996936,
            0.04866,
            0.061238
          ],
          [
            -0.046921,
            0.998462,
            -0.029518
          ],
          [
            -0.06258,
            0.026554,
            0.997687
          ]
        ],
        [
          [
            0.999142,
            -0.016479,
            -0.037999
          ],
          [
            0.012864,
            0.995536,
            -0.093504
          ],
          [
            0.03937,
            0.092934,
            0.994894
          ]
        ],
        [
          [
            0.99976,
            0.020655,
            0.007322
          ],
          [
            -0.021863,
            0.917154,
            0.397934
          ],
          [
            0.001505,
            -0.397998,
            0.917385
          ]
        ],
        [
          [
            0.969749,
            -0.230044,
            -0.081655
          ],
          [
            0.220111,
            0.968678,
            -0.114951
          ],
          [
            0.105541,
            0.093501,
            0.990009
          ]
        ],
        [
          [
            0.985226,
            0.168526,
            -0.030479
          ],
          [
            -0.170422,
            0.982336,
            -0.077278
          ],
          [
            0.016917,
            0.08133,
            0.996544
          ]
        ],
        [
          [
            0.999092,
            -0.042584,
            0.001279
          ],
          [
            0.042577,
            0.996966,
            -0.065165
          ],
          [
            0.0015,
            0.065161,
            0.997874
          ]
        ],
        [
          [
            0.481931,
            0.060558,
            -0.874114
          ],
          [
            0.18532,
            0.967996,
            0.169236
          ],
          [
            0.856387,
            -0.243551,
            0.455285
          ]
        ],
        [
          [
            0.587951,
            -0.208821,
            0.781478
          ],
          [
            -0.124765,
            0.931131,
            0.342678
          ],
          [
            -0.799216,
            -0.298979,
            0.521406
          ]
        ],
        [
          [
            0.734078,
            0.678322,
            -0.031758
          ],
          [
            -0.678252,
            0.734685,
            0.014594
          ],
          [
            0.033232,
            0.010827,
            0.999389
          ]
        ],
        [
          [
            0.733981,
            -0.678596,
            0.02793
          ],
          [
            0.678127,
            0.734512,
            0.025214
          ],
          [
            -0.037625,
            0.000434,
            0.999292
          ]
        ],
        [
          [
            0.998267,
            0.016251,
            -0.056552
          ],
          [
            -0.013031,
            0.998297,
            0.056859
          ],
          [
            0.05738,
            -0.056024,
            0.996779
          ]
        ],
        [
          [
            0.9971,
            -0.011905,
            0.075163
          ],
          [
            0.008104,
            0.998683,
            0.050667
          ],
          [
            -0.075667,
            -0.049911,
            0.995883
          ]
        ],
        [
          [
            1.0,
            0.0,
            0.0
          ],
          [
            0.0,
            1.0,
            0.0
          ],
          [
            0.0,
            0.0,
            1.0
          ]
        ],
        [
          [
            1.0,
            0.0,
            0.0
          ],
          [
            0.0,
            1.0,
            0.0
          ],
          [
            0.0,
            0.0,
            1.0
          ]
        ]
      ]
    },
    {
      "time_sec": 0.253192,
      "root_offset": [
        -0.033033,
        -0.044255,
        -0.009548
      ],
      "local_rotation_matrices": [
        [
          [
            0.993599,
            0.063399,
            -0.093498
          ],
          [
            -0.041757,
            0.975169,
            0.217489
          ],
          [
            0.104965,
            -0.212192,
            0.971574
          ]
        ],
        [
          [
            0.995247,
            -0.090548,
            0.03583
          ],
          [
            0.097078,
            0.893602,
            -0.438237
          ],
          [
            0.007664,
            0.439633,
            0.898145
          ]
        ],
        [
          [
            0.883248,
            0.46663,
            -0.046153
          ],
          [
            -0.454421,
            0.827528,
            -0.329696
          ],
          [
            -0.115653,
            0.312176,
            0.942958
          ]
        ],
        [
          [
            0.995224,
            0.026163,
            0.094046
          ],
          [
            -0.04989,
            0.96441,
            0.25966
          ],
          [
            -0.083906,
            -0.263112,
            0.96111
          ]
        ],
        [
          [
            0.999307,
            0.034925,
            0.012842
          ],
          [
            -0.037204,
            0.944568,
            0.326202
          ],
          [
            -0.000737,
            -0.326454,
            0.945213
          ]
        ],
        [
          [
            0.998528,
            -0.053716,
            0.00757
          ],
          [
            0.052504,
            0.992076,
            0.114142
          ],
          [
            -0.013641,
            -0.113577,
            0.993436
          ]
        ],
        [
          [
            0.791326,
            0.608564,
            0.058754
          ],
          [
            -0.59939,
            0.791148,
            -0.121722
          ],
          [
            -0.120558,
            0.061105,
            0.990824
          ]
        ],
        [
          [
            0.999021,
            0.039428,
            0.020079
          ],
          [
            -0.036197,
            0.989265,
            -0.141578
          ],
          [
            -0.025445,
            0.140713,
            0.989723
          ]
        ],
        [
          [
            0.98177,
            -0.151848,
            0.114327
          ],
          [
            0.156702,
            0.987037,
            -0.03469
          ],
          [
            -0.107577,
            0.051973,
            0.992837
          ]
        ],
        [
          [
            0.999747,
            0.01049,
            -0.019905
          ],
          [
            -0.004948,
            0.965506,
            0.260333
          ],
          [
            0.021949,
            -0.260169,
            0.965314
          ]
        ],
        [
          [
            0.996467,
            0.055126,
            0.063364
          ],
          [
            -0.05273,
            0.997851,
            -0.038885
          ],
          [
            -0.065371,
            0.035407,
            0.997233
          ]
        ],
        [
          [
            0.998889,
            -0.022293,
            -0.041522
          ],
          [
            0.018081,
            0.994906,
            -0.099175
          ],
          [
            0.043522,
            0.098314,
            0.994203
          ]
        ],
        [
          [
            0.999696,
            0.024431,
            0.003346
          ],
          [
            -0.023673,
            0.912854,
            0.407599
          ],
          [
            0.006904,
            -0.407555,
            0.913155
          ]
        ],
        [
          [
            0.964942,
            -0.253978,
            -0.0662
          ],
          [
            0.245185,
            0.962275,
            -0.117947
          ],
          [
            0.093658,
            0.097581,
            0.990811
          ]
        ],
        [
          [
            0.981536,
            0.188789,
            -0.030746
          ],
          [
            -0.190758,
            0.977968,
            -0.084792
          ],
          [
            0.014061,
            0.089091,
            0.995924
          ]
        ],
        [
          [
            0.999303,
            -0.037279,
            0.001765
          ],
          [
            0.03732,
            0.997747,
            -0.055752
          ],
          [
            0.000317,
            0.055779,
            0.998443
          ]
        ],
        [
          [
            0.429547,
            -0.004059,
            -0.903036
          ],
          [
            0.264644,
            0.956651,
            0.121583
          ],
          [
            0.863396,
            -0.291208,
            0.412001
          ]
        ],
        [
          [
            0.584454,
            -0.182132,
            0.790722
          ],
          [
            -0.171869,
            0.924587,
            0.340001
          ],
          [
            -0.793016,
            -0.334616,
            0.509076
          ]
        ],
        [
          [
            0.703448,
            0.71003,
            -0.031898
          ],
          [
            -0.7098,
            0.704119,
            0.020003
          ],
          [
            0.036663,
            0.00857,
            0.999291
          ]
        ],
        [
          [
            0.722179,
            -0.69115,
            0.027741
          ],
          [
            0.690593,
            0.722711,
            0.027765
          ],
          [
            -0.039238,
            -0.000894,
            0.999229
          ]
        ],
        [
          [
            0.99854,
            0.022355,
            -0.04918
          ],
          [
            -0.019539,
            0.998182,
            0.057019
          ],
          [
            0.050365,
            -0.055975,
            0.997161
          ]
        ],
        [
          [
            0.997553,
            -0.015854,
            0.068094
          ],
          [
            0.012436,
            0.998655,
            0.050325
          ],
          [
            -0.0688,
            -0.049355,
            0.996409
          ]
        ],
        [
          [
            1.0,
            0.0,
            0.0
          ],
          [
            0.0,
            1.0,
            0.0
          ],
          [
            0.0,
            0.0,
            1.0
          ]
        ],
        [
          [
            1.0,
            0.0,
            0.0
          ],
          [
            0.0,
            1.0,
            0.0
          ],
          [
            0.0,
            0.0,
            1.0
          ]
        ]
      ]
    },
    {
      "time_sec": 0.337589,
      "root_offset": [
        -0.031932,
        -0.050358,
        -0.01268
      ],
      "local_rotation_matrices": [
        [
          [
            0.988375,
            0.124636,
            -0.087073
          ],
          [
            -0.099322,
            0.962908,
            0.250885
          ],
          [
            0.115113,
            -0.23932,
            0.964093
          ]
        ],
        [
          [
            0.995356,
            -0.084665,
            0.045798
          ],
          [
            0.096229,
            0.863588,
            -0.49493
          ],
          [
            0.002352,
            0.497039,
            0.867725
          ]
        ],
        [
          [
            0.874087,
            0.483844,
            -0.043213
          ],
          [
            -0.461681,
            0.799783,
            -0.383664
          ],
          [
            -0.151072,
            0.355306,
            0.922461
          ]
        ],
        [
          [
            0.992704,
            0.019959,
            0.118916
          ],
          [
            -0.0546,
            0.953712,
            0.295725
          ],
          [
            -0.10751,
            -0.30006,
            0.947843
          ]
        ],
        [
          [
            0.999307,
            0.034229,
            0.014612
          ],
          [
            -0.037206,
            0.928865,
            0.368545
          ],
          [
            -0.000958,
            -0.368833,
            0.929495
          ]
        ],
        [
          [
            0.9986,
            -0.052498,
            0.006512
          ],
          [
            0.051154,
            0.989653,
            0.134056
          ],
          [
            -0.013482,
            -0.133535,
            0.990952
          ]
        ],
        [
          [
            0.775591,
            0.626042,
            0.080803
          ],
          [
            -0.615492,
            0.778437,
            -0.123314
          ],
          [
            -0.1401,
            0.045908,
            0.989073
          ]
        ],
        [
          [
            0.999362,
            0.031184,
            0.017437
          ],
          [
            -0.028337,
            0.98906,
            -0.14477
          ],
          [
            -0.021761,
            0.144183,
            0.989312
          ]
        ],
        [
          [
            0.98305,
            -0.146232,
            0.110584
          ],
          [
            0.150544,
            0.988096,
            -0.031668
          ],
          [
            -0.104637,
            0.047779,
            0.993362
          ]
        ],
        [
          [
            0.999701,
            0.013664,
            -0.020267
          ],
          [
            -0.007664,
            0.962572,
            0.270918
          ],
          [
            0.023211,
            -0.270682,
            0.962389
          ]
        ],
        [
          [
            0.996179,
            0.058759,
            0.064611
          ],
          [
            -0.056066,
            0.997512,
            -0.042727
          ],
          [
            -0.066961,
            0.038942,
            0.996995
          ]
        ],
        [
          [
            0.998716,
            -0.025722,
            -0.043635
          ],
          [
            0.021136,
            0.994509,
            -0.102493
          ],
          [
            0.046032,
            0.101439,
            0.993776
          ]
        ],
        [
          [
            0.999673,
            0.025551,
            -0.001246
          ],
          [
            -0.0227,
            0.908512,
            0.417241
          ],
          [
            0.011793,
            -0.417077,
            0.908795
          ]
        ],
        [
          [
            0.964301,
            -0.257776,
            -0.060619
          ],
          [
            0.248531,
            0.960016,
            -0.128848
          ],
          [
            0.091409,
            0.109183,
            0.98981
          ]
        ],
        [
          [
            0.979751,
            0.198558,
            -0.025758
          ],
          [
            -0.200114,
            0.975305,
            -0.093462
          ],
          [
            0.006564,
            0.096724,
            0.99529
          ]
        ],
        [
          [
            0.999464,
            -0.032709,
            0.001639
          ],
          [
            0.03275,
            0.998174,
            -0.05076
          ],
          [
            2.4e-05,
            0.050786,
            0.99871
          ]
        ],
        [
          [
            0.393459,
            -0.019841,
            -0.919128
          ],
          [
            0.277674,
            0.955639,
            0.098237
          ],
          [
            0.876406,
            -0.29387,
            0.381515
          ]
        ],
        [
          [
            0.582408,
            -0.171206,
            0.794663
          ],
          [
            -0.193421,
            0.920307,
            0.340034
          ],
          [
            -0.78955,
            -0.351744,
            0.502879
          ]
        ],
        [
          [
            0.679602,
            0.732852,
            -0.03268
          ],
          [
            -0.732662,
            0.680306,
            0.019753
          ],
          [
            0.036708,
            0.010519,
            0.999271
          ]
        ],
        [
          [
            0.714376,
            -0.699207,
            0.027862
          ],
          [
            0.698633,
            0.714919,
            0.028341
          ],
          [
            -0.039735,
            -0.00078,
            0.99921
          ]
        ],
        [
          [
            0.998709,
            0.025941,
            -0.043674
          ],
          [
            -0.023427,
            0.998093,
            0.057103
          ],
          [
            0.045072,
            -0.056006,
            0.997413
          ]
        ],
        [
          [
            0.997822,
            -0.017288,
            0.063655
          ],
          [
            0.01415,
            0.998677,
            0.049431
          ],
          [
            -0.064426,
            -0.048423,
            0.996747
          ]
        ],
        [
          [
            1.0,
            0.0,
            0.0
          ],
          [
            0.0,
            1.0,
            0.0
          ],
          [
            0.0,
            0.0,
            1.0
          ]
        ],
        [
          [
            1.0,
            0.0,
            0.0
          ],
          [
            0.0,
            1.0,
            0.0
          ],
          [
            0.0,
            0.0,
            1.0
          ]
        ]
      ]
    },
    {
      "time_sec": 0.421986,
      "root_offset": [
        -0.02831,
        -0.058856,
        -0.016191
      ],
      "local_rotation_matrices": [
        [
          [
            0.982123,
            0.176214,
            -0.066206
          ],
          [
            -0.149648,
            0.944245,
            0.29327
          ],
          [
            0.114193,
            -0.278119,
            0.953735
          ]
        ],
        [
          [
            0.996398,
            -0.071217,
            0.046038
          ],
          [
            0.084779,
            0.82388,
            -0.560387
          ],
          [
            0.001979,
            0.562271,
            0.82695
          ]
        ],
        [
          [
            0.856859,
            0.512496,
            -0.056041
          ],
          [
            -0.478636,
            0.750399,
            -0.455861
          ],
          [
            -0.191573,
            0.417432,
            0.888285
          ]
        ],
        [
          [
            0.988563,
            0.010376,
            0.150452
          ],
          [
            -0.061646,
            0.938278,
            0.340343
          ],
          [
            -0.137634,
            -0.345725,
            0.928187
          ]
        ],
        [
          [
            0.999299,
            0.03388,
            0.0159
          ],
          [
            -0.037416,
            0.913631,
            0.404818
          ],
          [
            -0.000811,
            -0.405129,
            0.914259
          ]
        ],
        [
          [
            0.998709,
            -0.050601,
            0.004451
          ],
          [
            0.049117,
            0.984327,
            0.169375
          ],
          [
            -0.012952,
            -0.168938,
            0.985542
          ]
        ],
        [
          [
            0.756066,
            0.64328,
            0.120641
          ],
          [
            -0.630109,
            0.76527,
            -0.131622
          ],
          [
            -0.176993,
            0.023498,
            0.983932
          ]
        ],
        [
          [
            0.999702,
            0.022383,
            0.009702
          ],
          [
            -0.020785,
            0.989708,
            -0.141583
          ],
          [
            -0.012771,
            0.14134,
            0.989879
          ]
        ],
        [
          [
            0.984337,
            -0.144103,
            0.101561
          ],
          [
            0.147766,
            0.988583,
            -0.029474
          ],
          [
            -0.096154,
            0.04402,
            0.994393
          ]
        ],
        [
          [
            0.999636,
            0.016872,
            -0.021045
          ],
          [
            -0.010215,
            0.958902,
            0.283552
          ],
          [
            0.024965,
            -0.283234,
            0.958726
          ]
        ],
        [
          [
            0.99574,
            0.063327,
            0.067013
          ],
          [
            -0.060324,
