{
  "format": "gf5_keyframed_motion",
  "version": 1,
  "name": "Celebrate",
  "profile_name": "course_body_24",
  "joint_order": [
    "pelvis",
    "left_hip",
    "right_hip",
    "spine1",
    "left_knee",
    "right_knee",
    "spine2",
    "left_ankle",
    "right_ankle",
    "spine3",
    "left_foot",
    "right_foot",
    "neck",
    "left_collar",
    "right_collar",
    "head",
    "left_shoulder",
    "right_shoulder",
    "left_elbow",
    "right_elbow",
    "left_wrist",
    "right_wrist",
    "left_hand",
    "right_hand"
  ],
  "coordinate_convention": {
    "name": "gf5_viewer_body",
    "up_axis": [
      0.0,
      0.0,
      1.0
    ],
    "forward_axis": [
      0.0,
      1.0,
      0.0
    ],
    "anatomical_right_axis": [
      1.0,
      0.0,
      0.0
    ],
    "native_smpl_to_viewer": "viewer=(-native_x, native_z, native_y)"
  },
  "duration_sec": 3.966667,
  "exported_at": "2026-05-13T23:48:16",
  "source_asset_name": null,
  "source_motion": {
    "format": "amass_npz",
    "path": "staff_tools/motion_fallback/packs/hy_motion_palette/clips/celebrate_01.npz",
    "frame_rate": 30.0,
    "frame_count": 120,
    "pose_source": "poses",
    "translation_source": "trans",
    "start_sec": 0.0,
    "end_sec": 3.966667,
    "sample_fps": 12.0,
    "manifest": "staff_tools/motion_fallback/packs/hy_motion_palette/manifest.json"
  },
  "keyframes": [
    {
      "time_sec": 0.0,
      "root_offset": [
        0.0,
        0.0,
        0.0
      ],
      "local_rotation_matrices": [
        [
          [
            0.998967,
            -0.001193,
            0.045437
          ],
          [
            0.023024,
            0.875194,
            -0.483223
          ],
          [
            -0.03919,
            0.48377,
            0.874317
          ]
        ],
        [
          [
            0.943714,
            -0.251599,
            0.214715
          ],
          [
            0.214025,
            0.959427,
            0.183556
          ],
          [
            -0.252186,
            -0.12727,
            0.959273
          ]
        ],
        [
          [
            0.951792,
            0.199199,
            -0.233263
          ],
          [
            -0.170551,
            0.975731,
            0.137336
          ],
          [
            0.254959,
            -0.090932,
            0.962667
          ]
        ],
        [
          [
            0.999474,
            -0.013495,
            0.029487
          ],
          [
            -0.012254,
            0.684706,
            0.728717
          ],
          [
            -0.030024,
            -0.728695,
            0.68418
          ]
        ],
        [
          [
            0.987033,
            0.158688,
            0.024148
          ],
          [
            -0.153086,
            0.885395,
            0.438908
          ],
          [
            0.048269,
            -0.436914,
            0.898207
          ]
        ],
        [
          [
            0.988724,
            -0.139182,
            -0.055259
          ],
          [
            0.148765,
            0.870637,
            0.468892
          ],
          [
            -0.017151,
            -0.471825,
            0.881525
          ]
        ],
        [
          [
            0.994237,
            0.048308,
            -0.095705
          ],
          [
            -0.073519,
            0.95697,
            -0.28072
          ],
          [
            0.078026,
            0.286138,
            0.955006
          ]
        ],
        [
          [
            0.953698,
            -0.001494,
            -0.300761
          ],
          [
            -0.005224,
            0.999755,
            -0.02153
          ],
          [
            0.300719,
            0.022104,
            0.953457
          ]
        ],
        [
          [
            0.896281,
            -0.011854,
            0.443328
          ],
          [
            0.040266,
            0.997689,
            -0.054729
          ],
          [
            -0.441655,
            0.066904,
            0.894687
          ]
        ],
        [
          [
            0.999835,
            -0.01714,
            -0.006054
          ],
          [
            0.018165,
            0.954241,
            0.298488
          ],
          [
            0.000661,
            -0.298549,
            0.954394
          ]
        ],
        [
          [
            0.92472,
            0.343312,
            0.164409
          ],
          [
            -0.253762,
            0.877939,
            -0.405991
          ],
          [
            -0.283722,
            0.333707,
            0.898967
          ]
        ],
        [
          [
            0.720529,
            -0.40232,
            -0.56478
          ],
          [
            0.053325,
            0.844215,
            -0.533345
          ],
          [
            0.691371,
            0.354174,
            0.629736
          ]
        ],
        [
          [
            0.989311,
            0.10763,
            -0.098387
          ],
          [
            -0.071553,
            0.946192,
            0.315596
          ],
          [
            0.127061,
            -0.305183,
            0.943779
          ]
        ],
        [
          [
            0.991187,
            0.11374,
            -0.067909
          ],
          [
            -0.122923,
            0.980791,
            -0.151457
          ],
          [
            0.049378,
            0.15847,
            0.986128
          ]
        ],
        [
          [
            0.991001,
            -0.099214,
            0.089859
          ],
          [
            0.123157,
            0.938801,
            -0.32169
          ],
          [
            -0.052444,
            0.329862,
            0.942571
          ]
        ],
        [
          [
            0.98848,
            -0.132136,
            0.073806
          ],
          [
            0.130496,
            0.991091,
            0.026634
          ],
          [
            -0.076668,
            -0.016696,
            0.996917
          ]
        ],
        [
          [
            0.805682,
            0.082539,
            -0.58657
          ],
          [
            -0.019785,
            0.993442,
            0.112616
          ],
          [
            0.592018,
            -0.079127,
            0.802031
          ]
        ],
        [
          [
            0.720535,
            -0.03227,
            0.692667
          ],
          [
            -0.155341,
            0.966016,
            0.206595
          ],
          [
            -0.675795,
            -0.256459,
            0.691036
          ]
        ],
        [
          [
            0.509115,
            0.859674,
            0.041973
          ],
          [
            -0.860693,
            0.508338,
            0.028277
          ],
          [
            0.002972,
            -0.050522,
            0.998719
          ]
        ],
        [
          [
            0.707634,
            -0.706538,
            -0.007624
          ],
          [
            0.704356,
            0.706222,
            -0.071652
          ],
          [
            0.056009,
            0.045333,
            0.997401
          ]
        ],
        [
          [
            0.998886,
            0.039859,
            -0.025269
          ],
          [
            -0.04078,
            0.998481,
            -0.037054
          ],
          [
            0.023753,
            0.038044,
            0.998994
          ]
        ],
        [
          [
            0.997851,
            -0.035779,
            0.054896
          ],
          [
            0.036465,
            0.999268,
            -0.011537
          ],
          [
            -0.054443,
            0.013514,
            0.998425
          ]
        ],
        [
          [
            1.0,
            0.0,
            0.0
          ],
          [
            0.0,
            1.0,
            0.0
          ],
          [
            0.0,
            0.0,
            1.0
          ]
        ],
        [
          [
            1.0,
            0.0,
            0.0
          ],
          [
            0.0,
            1.0,
            0.0
          ],
          [
            0.0,
            0.0,
            1.0
          ]
        ]
      ]
    },
    {
      "time_sec": 0.084397,
      "root_offset": [
        0.02856,
        -0.000188,
        -0.008578
      ],
      "local_rotation_matrices": [
        [
          [
            0.998538,
            -0.005532,
            0.05377
          ],
          [
            0.031531,
            0.867595,
            -0.49627
          ],
          [
            -0.043905,
            0.49724,
            0.866502
          ]
        ],
        [
          [
            0.94264,
            -0.24521,
            0.2265
          ],
          [
            0.203317,
            0.959896,
            0.193032
          ],
          [
            -0.26475,
            -0.135908,
            0.954692
          ]
        ],
        [
          [
            0.95401,
            0.195232,
            -0.227487
          ],
          [
            -0.167982,
            0.976677,
            0.133733
          ],
          [
            0.24829,
            -0.089368,
            0.964555
          ]
        ],
        [
          [
            0.999243,
            -0.013456,
            0.036503
          ],
          [
            -0.017044,
            0.692025,
            0.721673
          ],
          [
            -0.034972,
            -0.721748,
            0.691271
          ]
        ],
        [
          [
            0.988385,
            0.150064,
            0.023994
          ],
          [
            -0.145144,
            0.885363,
            0.441663
          ],
          [
            0.045034,
            -0.440016,
            0.89686
          ]
        ],
        [
          [
            0.990247,
            -0.125211,
            -0.061106
          ],
          [
            0.138838,
            0.850137,
            0.507928
          ],
          [
            -0.01165,
            -0.511458,
            0.859229
          ]
        ],
        [
          [
            0.994211,
            0.036136,
            -0.101187
          ],
          [
            -0.064119,
            0.955216,
            -0.288879
          ],
          [
            0.086217,
            0.293694,
            0.952003
          ]
        ],
        [
          [
            0.956714,
            0.028462,
            -0.289635
          ],
          [
            -0.031839,
            0.999469,
            -0.006953
          ],
          [
            0.289284,
            0.015874,
            0.957112
          ]
        ],
        [
          [
            0.898977,
            -0.020609,
            0.437511
          ],
          [
            0.053232,
            0.996629,
            -0.062433
          ],
          [
            -0.43475,
            0.079416,
            0.897043
          ]
        ],
        [
          [
            0.999852,
            -0.015012,
            -0.008361
          ],
          [
            0.016824,
            0.95419,
            0.298728
          ],
          [
            0.003493,
            -0.298825,
            0.954302
          ]
        ],
        [
          [
            0.943112,
            0.313035,
            0.112019
          ],
          [
            -0.241655,
            0.876814,
            -0.415693
          ],
          [
            -0.228347,
            0.364975,
            0.90258
          ]
        ],
        [
          [
            0.712423,
            -0.387865,
            -0.58482
          ],
          [
            0.038987,
            0.853963,
            -0.518872
          ],
          [
            0.700666,
            0.346856,
            0.623504
          ]
        ],
        [
          [
            0.991723,
            0.094695,
            -0.086709
          ],
          [
            -0.062378,
            0.945611,
            0.319264
          ],
          [
            0.112226,
            -0.311213,
            0.943691
          ]
        ],
        [
          [
            0.991548,
            0.128367,
            -0.01882
          ],
          [
            -0.129051,
            0.960928,
            -0.244874
          ],
          [
            -0.013349,
            0.245233,
            0.969372
          ]
        ],
        [
          [
            0.990793,
            -0.134066,
            0.018854
          ],
          [
            0.129345,
            0.896225,
            -0.424324
          ],
          [
            0.03999,
            0.422856,
            0.905314
          ]
        ],
        [
          [
            0.990612,
            -0.120707,
            0.064164
          ],
          [
            0.119312,
            0.992538,
            0.025154
          ],
          [
            -0.066722,
            -0.017262,
            0.997622
          ]
        ],
        [
          [
            0.856417,
            0.101263,
            -0.506257
          ],
          [
            -0.074919,
            0.994573,
            0.072199
          ],
          [
            0.510821,
            -0.023905,
            0.859355
          ]
        ],
        [
          [
            0.802006,
            -0.014676,
            0.597135
          ],
          [
            -0.113382,
            0.977782,
            0.176314
          ],
          [
            -0.586456,
            -0.209109,
            0.782523
          ]
        ],
        [
          [
            0.481143,
            0.876317,
            0.023892
          ],
          [
            -0.876435,
            0.481443,
            -0.008638
          ],
          [
            -0.019073,
            -0.016784,
            0.999677
          ]
        ],
        [
          [
            0.678911,
            -0.73397,
            0.019188
          ],
          [
            0.728708,
            0.670387,
            -0.13988
          ],
          [
            0.089804,
            0.108949,
            0.989982
          ]
        ],
        [
          [
            0.998917,
            0.040403,
            -0.023064
          ],
          [
            -0.041003,
            0.998816,
            -0.026182
          ],
          [
            0.021979,
            0.027099,
            0.999391
          ]
        ],
        [
          [
            0.997792,
            -0.036564,
            0.055436
          ],
          [
            0.03517,
            0.999045,
            0.025914
          ],
          [
            -0.056331,
            -0.023907,
            0.998126
          ]
        ],
        [
          [
            1.0,
            0.0,
            0.0
          ],
          [
            0.0,
            1.0,
            0.0
          ],
          [
            0.0,
            0.0,
            1.0
          ]
        ],
        [
          [
            1.0,
            0.0,
            0.0
          ],
          [
            0.0,
            1.0,
            0.0
          ],
          [
            0.0,
            0.0,
            1.0
          ]
        ]
      ]
    },
    {
      "time_sec": 0.168794,
      "root_offset": [
        0.043336,
        0.004257,
        -0.01269
      ],
      "local_rotation_matrices": [
        [
          [
            0.998067,
            -0.010334,
            0.061278
          ],
          [
            0.039132,
            0.870531,
            -0.490556
          ],
          [
            -0.048275,
            0.492006,
            0.869252
          ]
        ],
        [
          [
            0.941892,
            -0.239947,
            0.235086
          ],
          [
            0.198134,
            0.961972,
            0.188023
          ],
          [
            -0.271262,
            -0.130518,
            0.953615
          ]
        ],
        [
          [
            0.954653,
            0.19505,
            -0.224931
          ],
          [
            -0.17083,
            0.977628,
            0.122721
          ],
          [
            0.243835,
            -0.078731,
            0.966616
          ]
        ],
        [
          [
            0.999058,
            -0.01219,
            0.041657
          ],
          [
            -0.020271,
            0.717618,
            0.696142
          ],
          [
            -0.03838,
            -0.69633,
            0.716695
          ]
        ],
        [
          [
            0.989983,
            0.13957,
            0.021294
          ],
          [
            -0.134918,
            0.890778,
            0.43395
          ],
          [
            0.041599,
            -0.432476,
            0.900685
          ]
        ],
        [
          [
            0.991812,
            -0.110795,
            -0.063513
          ],
          [
            0.127595,
            0.838696,
            0.529442
          ],
          [
            -0.005391,
            -0.533211,
            0.845965
          ]
        ],
        [
          [
            0.994646,
            0.017371,
            -0.101866
          ],
          [
            -0.047398,
            0.95265,
            -0.300353
          ],
          [
            0.091825,
            0.303574,
            0.948373
          ]
        ],
        [
          [
            0.961223,
            0.060387,
            -0.269079
          ],
          [
            -0.060651,
            0.998132,
            0.007339
          ],
          [
            0.269019,
            0.009265,
            0.96309
          ]
        ],
        [
          [
            0.901741,
            -0.032663,
            0.43104
          ],
          [
            0.069549,
            0.995113,
            -0.070092
          ],
          [
            -0.426644,
            0.093183,
            0.899606
          ]
        ],
        [
          [
            0.999864,
            -0.011663,
            -0.011689
          ],
          [
            0.014645,
            0.953375,
            0.301433
          ],
          [
            0.007629,
            -0.301563,
            0.953416
          ]
        ],
        [
          [
            0.960828,
            0.27412,
            0.040835
          ],
          [
            -0.231633,
            0.875177,
            -0.424748
          ],
          [
            -0.15217,
            0.398651,
            0.90439
          ]
        ],
        [
          [
            0.708809,
            -0.367645,
            -0.60202
          ],
          [
            0.026616,
            0.866775,
            -0.497989
          ],
          [
            0.704898,
            0.336956,
            0.624163
          ]
        ],
        [
          [
            0.994708,
            0.075125,
            -0.070082
          ],
          [
            -0.047917,
            0.94264,
            0.330355
          ],
          [
            0.09088,
            -0.325248,
            0.941252
          ]
        ],
        [
          [
            0.986319,
            0.155447,
            0.054871
          ],
          [
            -0.127544,
            0.930486,
            -0.343406
          ],
          [
            -0.104438,
            0.331709,
            0.937583
          ]
        ],
        [
          [
            0.978779,
            -0.196904,
            -0.056752
          ],
          [
            0.139897,
            0.844436,
            -0.517066
          ],
          [
            0.149736,
            0.498154,
            0.854062
          ]
        ],
        [
          [
            0.993471,
            -0.102832,
            0.049407
          ],
          [
            0.102017,
            0.994606,
            0.018764
          ],
          [
            -0.05107,
            -0.013601,
            0.998602
          ]
        ],
        [
          [
            0.911917,
            0.14033,
            -0.385637
          ],
          [
            -0.137559,
            0.989878,
            0.034923
          ],
          [
            0.386634,
            0.021201,
            0.92199
          ]
        ],
        [
          [
            0.893871,
            -0.009628,
            0.44822
          ],
          [
            -0.070257,
            0.984408,
            0.161257
          ],
          [
            -0.442784,
            -0.175634,
            0.879258
          ]
        ],
        [
          [
            0.482066,
            0.876128,
            -0.003502
          ],
          [
            -0.87485,
            0.481139,
            -0.056058
          ],
          [
            -0.047429,
            0.030087,
            0.998421
          ]
        ],
        [
          [
            0.6722,
            -0.73808,
            0.058186
          ],
          [
            0.728346,
            0.645133,
            -0.230901
          ],
          [
            0.132886,
            0.197592,
            0.971236
          ]
        ],
        [
          [
            0.999035,
            0.03905,
            -0.020116
          ],
          [
            -0.039148,
            0.999223,
            -0.004508
          ],
          [
            0.019924,
            0.005291,
            0.999788
          ]
        ],
        [
          [
            0.997963,
            -0.034696,
            0.05353
          ],
          [
            0.030558,
            0.996619,
            0.076263
          ],
          [
            -0.055995,
            -0.074472,
            0.99565
          ]
        ],
        [
          [
            1.0,
            0.0,
            0.0
          ],
          [
            0.0,
            1.0,
            0.0
          ],
          [
            0.0,
            0.0,
            1.0
          ]
        ],
        [
          [
            1.0,
            0.0,
            0.0
          ],
          [
            0.0,
            1.0,
            0.0
          ],
          [
            0.0,
            0.0,
            1.0
          ]
        ]
      ]
    },
    {
      "time_sec": 0.253192,
      "root_offset": [
        0.052897,
        0.00978,
        -0.016823
      ],
      "local_rotation_matrices": [
        [
          [
            0.997494,
            -0.017276,
            0.068617
          ],
          [
            0.046424,
            0.891628,
            -0.450382
          ],
          [
            -0.0534,
            0.452439,
            0.890195
          ]
        ],
        [
          [
            0.941824,
            -0.231236,
            0.24392
          ],
          [
            0.199512,
            0.968664,
            0.147936
          ],
          [
            -0.270485,
            -0.090665,
            0.958446
          ]
        ],
        [
          [
            0.954077,
            0.19769,
            -0.225066
          ],
          [
            -0.183018,
            0.979471,
            0.084501
          ],
          [
            0.237151,
            -0.039429,
            0.970672
          ]
        ],
        [
          [
            0.998885,
            -0.008072,
            0.046504
          ],
          [
            -0.023061,
            0.776201,
            0.630064
          ],
          [
            -0.041183,
            -0.630434,
            0.775149
          ]
        ],
        [
          [
            0.99127,
            0.131132,
            0.013719
          ],
          [
            -0.124757,
            0.899203,
            0.419368
          ],
          [
            0.042656,
            -0.417419,
            0.907713
          ]
        ],
        [
          [
            0.993504,
            -0.095087,
            -0.062517
          ],
          [
            0.113798,
            0.829155,
            0.547313
          ],
          [
            -0.000206,
            -0.550872,
            0.83459
          ]
        ],
        [
          [
            0.995709,
            -0.019523,
            -0.09046
          ],
          [
            -0.010657,
            0.946801,
            -0.321644
          ],
          [
            0.091927,
            0.321228,
            0.94253
          ]
        ],
        [
          [
            0.969828,
            0.093752,
            -0.225042
          ],
          [
            -0.090489,
            0.995589,
            0.024795
          ],
          [
            0.226374,
            -0.003683,
            0.974033
          ]
        ],
        [
          [
            0.910601,
            -0.049011,
            0.410369
          ],
          [
            0.088861,
            0.992939,
            -0.078591
          ],
          [
            -0.40362,
            0.10803,
            0.908527
          ]
        ],
        [
          [
            0.999816,
            -0.002641,
            -0.019017
          ],
          [
            0.008439,
            0.950147,
            0.311688
          ],
          [
            0.017246,
            -0.311791,
            0.949994
          ]
        ],
        [
          [
            0.971892,
            0.217766,
            -0.089466
          ],
          [
            -0.234852,
            0.870218,
            -0.433088
          ],
          [
            -0.016457,
            0.441926,
            0.896901
          ]
        ],
        [
          [
            0.721713,
            -0.330633,
            -0.608122
          ],
          [
            0.017628,
            0.887039,
            -0.461357
          ],
          [
            0.691968,
            0.322248,
            0.646016
          ]
        ],
        [
          [
            0.9994,
            0.021483,
            -0.027177
          ],
          [
            -0.009793,
            0.927698,
            0.373203
          ],
          [
            0.03323,
            -0.372713,
            0.927351
          ]
        ],
        [
          [
            0.952097,
            0.218895,
            0.213533
          ],
          [
            -0.102734,
            0.886663,
            -0.450859
          ],
          [
            -0.288023,
            0.407324,
            0.866678
          ]
        ],
        [
          [
            0.926801,
            -0.334257,
            -0.171209
          ],
          [
            0.165506,
            0.772755,
            -0.612746
          ],
          [
            0.337117,
            0.539557,
            0.771511
          ]
        ],
        [
          [
            0.998435,
            -0.054855,
            0.010864
          ],
          [
            0.054926,
            0.99847,
            -0.006318
          ],
          [
            -0.010501,
            0.006905,
            0.999921
          ]
        ],
        [
          [
            0.971532,
            0.216009,
            -0.097288
          ],
          [
            -0.220428,
            0.974697,
            -0.037101
          ],
          [
            0.086813,
            0.057489,
            0.994564
          ]
        ],
        [
          [
            0.996042,
            -0.031347,
            0.08317
          ],
          [
            0.01809,
            0.987654,
            0.155603
          ],
          [
            -0.087021,
            -0.153483,
            0.984312
          ]
        ],
        [
          [
            0.587356,
            0.805846,
            -0.075007
          ],
          [
            -0.804437,
            0.571119,
            -0.163412
          ],
          [
            -0.088847,
            0.156319,
            0.983702
          ]
        ],
        [
          [
            0.739171,
            -0.658694,
            0.140531
          ],
          [
            0.648979,
            0.640755,
            -0.410193
          ],
          [
            0.180146,
            0.394405,
            0.901106
          ]
        ],
        [
          [
            0.999405,
            0.031832,
            -0.013255
          ],
          [
            -0.030911,
            0.997429,
            0.064657
          ],
          [
            0.015279,
            -0.064209,
            0.997819
          ]
        ],
        [
          [
            0.998807,
            -0.028865,
            0.039389
          ],
          [
            0.021017,
            0.982171,
            0.18681
          ],
          [
            -0.044079,
            -0.18576,
            0.981606
          ]
        ],
        [
          [
            1.0,
            0.0,
            0.0
          ],
          [
            0.0,
            1.0,
            0.0
          ],
          [
            0.0,
            0.0,
            1.0
          ]
        ],
        [
          [
            1.0,
            0.0,
            0.0
          ],
          [
            0.0,
            1.0,
            0.0
          ],
          [
            0.0,
            0.0,
            1.0
          ]
        ]
      ]
    },
    {
      "time_sec": 0.337589,
      "root_offset": [
        0.052087,
        0.012923,
        -0.021427
      ],
      "local_rotation_matrices": [
        [
          [
            0.997385,
            -0.018092,
            0.069975
          ],
          [
            0.045473,
            0.909602,
            -0.412984
          ],
          [
            -0.056178,
            0.415086,
            0.908046
          ]
        ],
        [
          [
            0.942936,
            -0.222023,
            0.248149
          ],
          [
            0.200852,
            0.973657,
            0.107935
          ],
          [
            -0.265577,
            -0.051935,
            0.96269
          ]
        ],
        [
          [
            0.955298,
            0.19295,
            -0.224001
          ],
          [
            -0.185421,
            0.981153,
            0.054382
          ],
          [
            0.230272,
            -0.010416,
            0.973071
          ]
        ],
        [
          [
            0.999067,
            -0.002696,
            0.043092
          ],
          [
            -0.022523,
            0.818957,
            0.573413
          ],
          [
            -0.036837,
            -0.573849,
            0.818133
          ]
        ],
        [
          [
            0.990523,
            0.137055,
            0.008969
          ],
          [
            -0.128439,
            0.901162,
            0.414018
          ],
          [
            0.04866,
            -0.411246,
            0.910225
          ]
        ],
        [
          [
            0.993769,
            -0.093679,
            -0.060396
          ],
          [
            0.111452,
            0.828389,
            0.548953
          ],
          [
            -0.001394,
            -0.552264,
            0.833668
          ]
        ],
        [
          [
            0.996254,
            -0.047328,
            -0.072368
          ],
          [
            0.020983,
            0.94422,
            -0.328647
          ],
          [
            0.083886,
            0.325897,
            0.941676
          ]
        ],
        [
          [
            0.974329,
            0.087216,
            -0.207549
          ],
          [
            -0.084443,
            0.996181,
            0.0222
          ],
          [
            0.208693,
            -0.004104,
            0.977973
          ]
        ],
        [
          [
            0.921792,
            -0.051836,
            0.384204
          ],
          [
            0.091852,
            0.992006,
            -0.086532
          ],
          [
            -0.376647,
            0.115054,
            0.919184
          ]
        ],
        [
          [
            0.999736,
            0.005991,
            -0.022193
          ],
          [
            0.001494,
            0.946461,
            0.322815
          ],
          [
            0.022939,
            -0.322763,
            0.946202
          ]
        ],
        [
          [
            0.966103,
            0.212589,
            -0.14646
          ],
          [
            -0.255578,
            0.867602,
            -0.426551
          ],
          [
            0.036389,
            0.449525,
            0.892526
          ]
        ],
        [
          [
            0.75259,
            -0.306906,
            -0.582594
          ],
          [
            0.021808,
            0.895876,
            -0.443769
          ],
          [
            0.658128,
            0.321271,
            0.680921
          ]
        ],
        [
          [
            0.999353,
            -0.033264,
            0.013644
          ],
          [
            0.024409,
            0.906357,
            0.421807
          ],
          [
            -0.026397,
            -0.421201,
            0.906583
          ]
        ],
        [
          [
            0.90676,
            0.259208,
            0.332563
          ],
          [
            -0.081124,
            0.881235,
            -0.465665
          ],
          [
            -0.41377,
            0.395267,
            0.820096
          ]
        ],
        [
          [
            0.873807,
            -0.41795,
            -0.248554
          ],
          [
            0.181412,
            0.754425,
            -0.630819
          ],
          [
            0.451166,
            0.506123,
            0.735043
          ]
        ],
        [
          [
            0.999544,
            -0.008552,
            -0.028944
          ],
          [
            0.007629,
            0.999463,
            -0.031864
          ],
          [
            0.029201,
            0.031629,
            0.999073
          ]
        ],
        [
          [
            0.956873,
            0.257971,
            0.133588
          ],
          [
            -0.243653,
            0.963075,
            -0.114538
          ],
          [
            -0.158203,
            0.07705,
            0.984396
          ]
        ],
        [
          [
            0.979722,
            -0.071279,
            -0.187256
          ],
          [
            0.097366,
            0.986183,
            0.134027
          ],
          [
            0.175115,
            -0.149541,
            0.973125
          ]
        ],
        [
          [
            0.731199,
            0.670309,
            -0.126626
          ],
          [
            -0.677388,
            0.691536,
            -0.250845
          ],
          [
            -0.080577,
            0.269193,
            0.95971
          ]
        ],
        [
          [
            0.837085,
            -0.518232,
            0.175284
          ],
          [
            0.525976,
            0.674257,
            -0.518388
          ],
          [
            0.150459,
            0.52613,
            0.836988
          ]
        ],
        [
          [
            0.99954,
            0.029183,
            -0.008204
          ],
          [
            -0.027795,
            0.990291,
            0.136203
          ],
          [
            0.012099,
            -0.135912,
            0.990647
          ]
        ],
        [
          [
            0.999332,
            -0.027465,
            0.024097
          ],
          [
            0.019958,
            0.962756,
            0.269633
          ],
          [
            -0.030605,
            -0.268972,
            0.962662
          ]
        ],
        [
          [
            1.0,
            0.0,
            0.0
          ],
          [
            0.0,
            1.0,
            0.0
          ],
          [
            0.0,
            0.0,
            1.0
          ]
        ],
        [
          [
            1.0,
            0.0,
            0.0
          ],
          [
            0.0,
            1.0,
            0.0
          ],
          [
            0.0,
            0.0,
            1.0
          ]
        ]
      ]
    },
    {
      "time_sec": 0.421986,
      "root_offset": [
        0.040847,
        0.025087,
        -0.03242
      ],
      "local_rotation_matrices": [
        [
          [
            0.997984,
            -0.00179,
            0.063438
          ],
          [
            0.023836,
            0.936986,
            -0.348552
          ],
          [
            -0.058817,
            0.349362,
            0.93514
          ]
        ],
        [
          [
            0.946433,
            -0.200351,
            0.253226
          ],
          [
            0.194695,
            0.979714,
            0.047472
          ],
          [
            -0.2576,
            0.004373,
            0.966242
          ]
        ],
        [
          [
            0.963704,
            0.161925,
            -0.212259
          ],
          [
            -0.162766,
            0.986571,
            0.013628
          ],
          [
            0.211615,
            0.021415,
            0.977118
          ]
        ],
        [
          [
            0.999389,
            0.00769,
            0.03409
          ],
          [
            -0.022602,
            0.886229,
            0.462696
          ],
          [
            -0.026653,
            -0.463184,
            0.885861
          ]
        ],
        [
          [
            0.987573,
            0.157099,
            0.004447
          ],
          [
            -0.145503,
            0.903253,
            0.403687
          ],
          [
            0.059402,
            -0.399317,
            0.914886
          ]
        ],
        [
          [
            0.993834,
            -0.096423,
            -0.054734
          ],
          [
            0.110717,
            0.836756,
            0.536265
          ],
          [
            -0.005909,
            -0.539019,
            0.842273
          ]
        ],
        [
          [
            0.995041,
            -0.095104,
            -0.029143
          ],
          [
            0.080779,
            0.943574,
            -0.32116
          ],
          [
            0.058042,
            0.317213,
            0.946576
          ]
        ],
        [
          [
            0.973331,
            0.028445,
            -0.227635
          ],
          [
            -0.035383,
            0.999024,
            -0.026454
          ],
          [
            0.226661,
            0.033803,
            0.973387
          ]
        ],
        [
          [
            0.948347,
            -0.060861,
            0.311343
          ],
          [
            0.098524,
            0.989398,
            -0.106696
          ],
          [
            -0.301548,
            0.131859,
            0.944289
          ]
        ],
        [
          [
            0.999546,
            0.018346,
            -0.023917
          ],
          [
            -0.009037,
            0.939334,
            0.342886
          ],
          [
            0.028757,
            -0.342514,
            0.939073
          ]
        ],
        [
          [
            0.953887,
            0.274483,
            -0.121484
          ],
          [
