{
  "format": "gf5_keyframed_motion",
  "version": 1,
  "name": "Dance arm swing",
  "profile_name": "course_body_24",
  "joint_order": [
    "pelvis",
    "left_hip",
    "right_hip",
    "spine1",
    "left_knee",
    "right_knee",
    "spine2",
    "left_ankle",
    "right_ankle",
    "spine3",
    "left_foot",
    "right_foot",
    "neck",
    "left_collar",
    "right_collar",
    "head",
    "left_shoulder",
    "right_shoulder",
    "left_elbow",
    "right_elbow",
    "left_wrist",
    "right_wrist",
    "left_hand",
    "right_hand"
  ],
  "coordinate_convention": {
    "name": "gf5_viewer_body",
    "up_axis": [
      0.0,
      0.0,
      1.0
    ],
    "forward_axis": [
      0.0,
      1.0,
      0.0
    ],
    "anatomical_right_axis": [
      1.0,
      0.0,
      0.0
    ],
    "native_smpl_to_viewer": "viewer=(-native_x, native_z, native_y)"
  },
  "duration_sec": 3.966667,
  "exported_at": "2026-05-13T23:48:16",
  "source_asset_name": null,
  "source_motion": {
    "format": "amass_npz",
    "path": "staff_tools/motion_fallback/packs/hy_motion_palette/clips/dance_arm_swing_01.npz",
    "frame_rate": 30.0,
    "frame_count": 120,
    "pose_source": "poses",
    "translation_source": "trans",
    "start_sec": 0.0,
    "end_sec": 3.966667,
    "sample_fps": 12.0,
    "manifest": "staff_tools/motion_fallback/packs/hy_motion_palette/manifest.json"
  },
  "keyframes": [
    {
      "time_sec": 0.0,
      "root_offset": [
        0.0,
        0.0,
        0.0
      ],
      "local_rotation_matrices": [
        [
          [
            0.998941,
            -0.034732,
            0.030161
          ],
          [
            0.033967,
            0.999098,
            0.025496
          ],
          [
            -0.031019,
            -0.024444,
            0.99922
          ]
        ],
        [
          [
            0.990701,
            -0.097365,
            0.095034
          ],
          [
            0.110159,
            0.983966,
            -0.140272
          ],
          [
            -0.079852,
            0.149436,
            0.985542
          ]
        ],
        [
          [
            0.968117,
            0.146528,
            -0.203172
          ],
          [
            -0.184647,
            0.96552,
            -0.183512
          ],
          [
            0.169277,
            0.215176,
            0.961792
          ]
        ],
        [
          [
            0.999761,
            0.000793,
            -0.021836
          ],
          [
            0.002547,
            0.9883,
            0.152504
          ],
          [
            0.021701,
            -0.152524,
            0.988062
          ]
        ],
        [
          [
            0.999449,
            0.031026,
            -0.011834
          ],
          [
            -0.02959,
            0.993859,
            0.106625
          ],
          [
            0.015069,
            -0.106216,
            0.994229
          ]
        ],
        [
          [
            0.999123,
            -0.041865,
            0.000843
          ],
          [
            0.040578,
            0.972979,
            0.2273
          ],
          [
            -0.010336,
            -0.227067,
            0.973824
          ]
        ],
        [
          [
            0.996944,
            0.072489,
            -0.029112
          ],
          [
            -0.078074,
            0.912273,
            -0.402074
          ],
          [
            -0.002587,
            0.403118,
            0.915144
          ]
        ],
        [
          [
            0.980958,
            0.109612,
            -0.160334
          ],
          [
            -0.136785,
            0.975964,
            -0.169661
          ],
          [
            0.137883,
            0.188361,
            0.972372
          ]
        ],
        [
          [
            0.977615,
            -0.151658,
            0.145837
          ],
          [
            0.174938,
            0.971005,
            -0.162931
          ],
          [
            -0.116899,
            0.184797,
            0.9758
          ]
        ],
        [
          [
            0.999505,
            -0.011995,
            -0.02907
          ],
          [
            0.016097,
            0.989258,
            0.14529
          ],
          [
            0.027015,
            -0.145686,
            0.988962
          ]
        ],
        [
          [
            0.994269,
            0.040939,
            0.098755
          ],
          [
            -0.041887,
            0.999094,
            0.00754
          ],
          [
            -0.098357,
            -0.011633,
            0.995083
          ]
        ],
        [
          [
            0.999809,
            -0.01361,
            -0.014039
          ],
          [
            0.012417,
            0.996572,
            -0.081796
          ],
          [
            0.015104,
            0.081606,
            0.99655
          ]
        ],
        [
          [
            0.998738,
            0.047277,
            -0.016946
          ],
          [
            -0.032181,
            0.861485,
            0.506763
          ],
          [
            0.038557,
            -0.505578,
            0.861919
          ]
        ],
        [
          [
            0.968991,
            -0.119723,
            -0.216155
          ],
          [
            0.08035,
            0.979908,
            -0.182549
          ],
          [
            0.233667,
            0.15952,
            0.959142
          ]
        ],
        [
          [
            0.953641,
            0.052075,
            0.296406
          ],
          [
            -0.005783,
            0.987905,
            -0.154955
          ],
          [
            -0.30089,
            0.146057,
            0.942408
          ]
        ],
        [
          [
            0.998598,
            -0.046479,
            -0.025346
          ],
          [
            0.043529,
            0.993349,
            -0.106601
          ],
          [
            0.030132,
            0.105348,
            0.993979
          ]
        ],
        [
          [
            0.602755,
            0.168453,
            -0.779943
          ],
          [
            -0.145634,
            0.984268,
            0.100035
          ],
          [
            0.784524,
            0.053289,
            0.617805
          ]
        ],
        [
          [
            0.570151,
            -0.097706,
            0.815709
          ],
          [
            0.104113,
            0.99349,
            0.04623
          ],
          [
            -0.814916,
            0.058568,
            0.576612
          ]
        ],
        [
          [
            0.999223,
            -0.038756,
            -0.007184
          ],
          [
            0.038873,
            0.999101,
            0.016888
          ],
          [
            0.006523,
            -0.017154,
            0.999832
          ]
        ],
        [
          [
            0.999142,
            0.038246,
            -0.015884
          ],
          [
            -0.038329,
            0.999253,
            -0.004969
          ],
          [
            0.015682,
            0.005574,
            0.999861
          ]
        ],
        [
          [
            0.998216,
            -0.029847,
            -0.051702
          ],
          [
            0.03078,
            0.999376,
            0.017354
          ],
          [
            0.051152,
            -0.018915,
            0.998512
          ]
        ],
        [
          [
            0.998302,
            0.041414,
            0.040953
          ],
          [
            -0.041306,
            0.999141,
            -0.003468
          ],
          [
            -0.041061,
            0.001771,
            0.999155
          ]
        ],
        [
          [
            1.0,
            0.0,
            0.0
          ],
          [
            0.0,
            1.0,
            0.0
          ],
          [
            0.0,
            0.0,
            1.0
          ]
        ],
        [
          [
            1.0,
            0.0,
            0.0
          ],
          [
            0.0,
            1.0,
            0.0
          ],
          [
            0.0,
            0.0,
            1.0
          ]
        ]
      ]
    },
    {
      "time_sec": 0.084397,
      "root_offset": [
        0.002176,
        -0.002065,
        0.000361
      ],
      "local_rotation_matrices": [
        [
          [
            0.999107,
            -0.029564,
            0.030192
          ],
          [
            0.028878,
            0.99932,
            0.022923
          ],
          [
            -0.030849,
            -0.02203,
            0.999281
          ]
        ],
        [
          [
            0.991437,
            -0.08874,
            0.095798
          ],
          [
            0.10154,
            0.985176,
            -0.13827
          ],
          [
            -0.082108,
            0.146814,
            0.98575
          ]
        ],
        [
          [
            0.968498,
            0.147058,
            -0.200962
          ],
          [
            -0.18477,
            0.965401,
            -0.184014
          ],
          [
            0.166948,
            0.215349,
            0.962161
          ]
        ],
        [
          [
            0.999768,
            -0.000825,
            -0.021538
          ],
          [
            0.004222,
            0.987402,
            0.158178
          ],
          [
            0.021136,
            -0.158232,
            0.987176
          ]
        ],
        [
          [
            0.999417,
            0.03208,
            -0.011703
          ],
          [
            -0.030656,
            0.993853,
            0.106378
          ],
          [
            0.015043,
            -0.105958,
            0.994257
          ]
        ],
        [
          [
            0.999093,
            -0.042579,
            0.000126
          ],
          [
            0.041392,
            0.971928,
            0.23161
          ],
          [
            -0.009984,
            -0.231395,
            0.972809
          ]
        ],
        [
          [
            0.997809,
            0.058502,
            -0.030886
          ],
          [
            -0.065973,
            0.914507,
            -0.399155
          ],
          [
            0.004894,
            0.400319,
            0.916363
          ]
        ],
        [
          [
            0.981534,
            0.106432,
            -0.158941
          ],
          [
            -0.133805,
            0.975813,
            -0.172872
          ],
          [
            0.136698,
            0.190947,
            0.972035
          ]
        ],
        [
          [
            0.977445,
            -0.152336,
            0.146269
          ],
          [
            0.175698,
            0.97086,
            -0.162974
          ],
          [
            -0.11718,
            0.184998,
            0.975728
          ]
        ],
        [
          [
            0.999542,
            -0.012468,
            -0.027572
          ],
          [
            0.016401,
            0.988944,
            0.147379
          ],
          [
            0.02543,
            -0.147764,
            0.988696
          ]
        ],
        [
          [
            0.994645,
            0.040632,
            0.095026
          ],
          [
            -0.041348,
            0.999129,
            0.005575
          ],
          [
            -0.094717,
            -0.009474,
            0.995459
          ]
        ],
        [
          [
            0.999793,
            -0.013613,
            -0.015122
          ],
          [
            0.012336,
            0.996594,
            -0.081543
          ],
          [
            0.01618,
            0.081339,
            0.996555
          ]
        ],
        [
          [
            0.998635,
            0.047746,
            -0.021159
          ],
          [
            -0.030719,
            0.86469,
            0.501365
          ],
          [
            0.042234,
            -0.500031,
            0.864977
          ]
        ],
        [
          [
            0.970781,
            -0.128631,
            -0.202578
          ],
          [
            0.090431,
            0.978059,
            -0.18768
          ],
          [
            0.222275,
            0.163877,
            0.961113
          ]
        ],
        [
          [
            0.952358,
            0.064569,
            0.29807
          ],
          [
            -0.01875,
            0.987879,
            -0.15409
          ],
          [
            -0.304406,
            0.14116,
            0.942025
          ]
        ],
        [
          [
            0.998616,
            -0.046529,
            -0.024528
          ],
          [
            0.043656,
            0.99331,
            -0.106907
          ],
          [
            0.029339,
            0.105688,
            0.993966
          ]
        ],
        [
          [
            0.645959,
            0.130959,
            -0.752055
          ],
          [
            -0.132546,
            0.989452,
            0.05845
          ],
          [
            0.751777,
            0.061925,
            0.656503
          ]
        ],
        [
          [
            0.577411,
            -0.110054,
            0.809002
          ],
          [
            0.102398,
            0.992811,
            0.061974
          ],
          [
            -0.810007,
            0.047055,
            0.58453
          ]
        ],
        [
          [
            0.999694,
            -0.022895,
            -0.009401
          ],
          [
            0.023052,
            0.999591,
            0.016953
          ],
          [
            0.009009,
            -0.017165,
            0.999812
          ]
        ],
        [
          [
            0.999364,
            0.032621,
            -0.014412
          ],
          [
            -0.032754,
            0.999422,
            -0.009087
          ],
          [
            0.014107,
            0.009553,
            0.999855
          ]
        ],
        [
          [
            0.998316,
            -0.027216,
            -0.051239
          ],
          [
            0.028344,
            0.999369,
            0.021424
          ],
          [
            0.050623,
            -0.02284,
            0.998457
          ]
        ],
        [
          [
            0.998403,
            0.039833,
            0.040066
          ],
          [
            -0.039736,
            0.999205,
            -0.003206
          ],
          [
            -0.040162,
            0.001609,
            0.999192
          ]
        ],
        [
          [
            1.0,
            0.0,
            0.0
          ],
          [
            0.0,
            1.0,
            0.0
          ],
          [
            0.0,
            0.0,
            1.0
          ]
        ],
        [
          [
            1.0,
            0.0,
            0.0
          ],
          [
            0.0,
            1.0,
            0.0
          ],
          [
            0.0,
            0.0,
            1.0
          ]
        ]
      ]
    },
    {
      "time_sec": 0.168794,
      "root_offset": [
        0.004045,
        -0.002509,
        8.8e-05
      ],
      "local_rotation_matrices": [
        [
          [
            0.999309,
            -0.021455,
            0.030351
          ],
          [
            0.020832,
            0.999569,
            0.020695
          ],
          [
            -0.030781,
            -0.020048,
            0.999325
          ]
        ],
        [
          [
            0.991386,
            -0.087703,
            0.097273
          ],
          [
            0.100177,
            0.9862,
            -0.131808
          ],
          [
            -0.084371,
            0.140417,
            0.986491
          ]
        ],
        [
          [
            0.969363,
            0.144507,
            -0.198626
          ],
          [
            -0.181856,
            0.96579,
            -0.184874
          ],
          [
            0.165116,
            0.215332,
            0.962481
          ]
        ],
        [
          [
            0.999762,
            -0.003252,
            -0.021588
          ],
          [
            0.006678,
            0.986998,
            0.160595
          ],
          [
            0.020785,
            -0.160701,
            0.986784
          ]
        ],
        [
          [
            0.99939,
            0.032714,
            -0.012193
          ],
          [
            -0.031298,
            0.994258,
            0.102335
          ],
          [
            0.01547,
            -0.101891,
            0.994675
          ]
        ],
        [
          [
            0.999058,
            -0.043405,
            -0.000313
          ],
          [
            0.042276,
            0.97139,
            0.233696
          ],
          [
            -0.009839,
            -0.233489,
            0.97231
          ]
        ],
        [
          [
            0.998766,
            0.039505,
            -0.030087
          ],
          [
            -0.048126,
            0.919371,
            -0.390437
          ],
          [
            0.012237,
            0.391403,
            0.920138
          ]
        ],
        [
          [
            0.982016,
            0.104612,
            -0.157163
          ],
          [
            -0.131871,
            0.975794,
            -0.174462
          ],
          [
            0.135107,
            0.19205,
            0.972041
          ]
        ],
        [
          [
            0.97719,
            -0.15393,
            0.146302
          ],
          [
            0.177232,
            0.970658,
            -0.162514
          ],
          [
            -0.116994,
            0.184737,
            0.9758
          ]
        ],
        [
          [
            0.999582,
            -0.012947,
            -0.025836
          ],
          [
            0.016662,
            0.988666,
            0.149202
          ],
          [
            0.023612,
            -0.14957,
            0.988469
          ]
        ],
        [
          [
            0.995155,
            0.039923,
            0.089848
          ],
          [
            -0.040403,
            0.999177,
            0.003526
          ],
          [
            -0.089634,
            -0.007139,
            0.995949
          ]
        ],
        [
          [
            0.99979,
            -0.012906,
            -0.015911
          ],
          [
            0.011591,
            0.996714,
            -0.080173
          ],
          [
            0.016893,
            0.079972,
            0.996654
          ]
        ],
        [
          [
            0.998505,
            0.047219,
            -0.027545
          ],
          [
            -0.027467,
            0.869015,
            0.494023
          ],
          [
            0.047264,
            -0.492527,
            0.869013
          ]
        ],
        [
          [
            0.97536,
            -0.137311,
            -0.172683
          ],
          [
            0.102861,
            0.975462,
            -0.194663
          ],
          [
            0.195175,
            0.172104,
            0.96555
          ]
        ],
        [
          [
            0.952872,
            0.074217,
            0.294154
          ],
          [
            -0.030432,
            0.988107,
            -0.150725
          ],
          [
            -0.301842,
            0.13467,
            0.943798
          ]
        ],
        [
          [
            0.998744,
            -0.044279,
            -0.023452
          ],
          [
            0.041547,
            0.993458,
            -0.106374
          ],
          [
            0.028009,
            0.105266,
            0.99405
          ]
        ],
        [
          [
            0.702505,
            0.103965,
            -0.704044
          ],
          [
            -0.124242,
            0.991996,
            0.022515
          ],
          [
            0.70075,
            0.071655,
            0.7098
          ]
        ],
        [
          [
            0.590684,
            -0.136563,
            0.795263
          ],
          [
            0.102605,
            0.990286,
            0.093843
          ],
          [
            -0.800353,
            0.026166,
            0.598958
          ]
        ],
        [
          [
            0.999912,
            0.005506,
            -0.01206
          ],
          [
            -0.005274,
            0.999802,
            0.019162
          ],
          [
            0.012164,
            -0.019097,
            0.999744
          ]
        ],
        [
          [
            0.999735,
            0.018757,
            -0.013353
          ],
          [
            -0.018946,
            0.99972,
            -0.014173
          ],
          [
            0.013083,
            0.014423,
            0.99981
          ]
        ],
        [
          [
            0.998342,
            -0.024343,
            -0.052155
          ],
          [
            0.02575,
            0.999318,
            0.026476
          ],
          [
            0.051475,
            -0.027775,
            0.998288
          ]
        ],
        [
          [
            0.998539,
            0.036898,
            0.039482
          ],
          [
            -0.036852,
            0.999319,
            -0.001877
          ],
          [
            -0.039524,
            0.000419,
            0.999219
          ]
        ],
        [
          [
            1.0,
            0.0,
            0.0
          ],
          [
            0.0,
            1.0,
            0.0
          ],
          [
            0.0,
            0.0,
            1.0
          ]
        ],
        [
          [
            1.0,
            0.0,
            0.0
          ],
          [
            0.0,
            1.0,
            0.0
          ],
          [
            0.0,
            0.0,
            1.0
          ]
        ]
      ]
    },
    {
      "time_sec": 0.253192,
      "root_offset": [
        0.004287,
        0.000802,
        0.00012
      ],
      "local_rotation_matrices": [
        [
          [
            0.999545,
            -0.010048,
            0.028427
          ],
          [
            0.009649,
            0.999854,
            0.014115
          ],
          [
            -0.028564,
            -0.013834,
            0.999496
          ]
        ],
        [
          [
            0.989737,
            -0.099987,
            0.102098
          ],
          [
            0.111522,
            0.987162,
            -0.114344
          ],
          [
            -0.089354,
            0.124557,
            0.988181
          ]
        ],
        [
          [
            0.971031,
            0.139448,
            -0.194045
          ],
          [
            -0.174169,
            0.969004,
            -0.175205
          ],
          [
            0.163598,
            0.203926,
            0.96522
          ]
        ],
        [
          [
            0.999812,
            -0.006473,
            -0.018297
          ],
          [
            0.009353,
            0.986747,
            0.161995
          ],
          [
            0.017006,
            -0.162135,
            0.986622
          ]
        ],
        [
          [
            0.999396,
            0.032325,
            -0.012764
          ],
          [
            -0.030981,
            0.995062,
            0.094295
          ],
          [
            0.01575,
            -0.093843,
            0.995462
          ]
        ],
        [
          [
            0.999017,
            -0.04432,
            -0.00023
          ],
          [
            0.043227,
            0.973198,
            0.225871
          ],
          [
            -0.009787,
            -0.225659,
            0.974157
          ]
        ],
        [
          [
            0.999528,
            0.022374,
            -0.021048
          ],
          [
            -0.028614,
            0.927407,
            -0.372959
          ],
          [
            0.011175,
            0.373385,
            0.927609
          ]
        ],
        [
          [
            0.98193,
            0.107301,
            -0.155887
          ],
          [
            -0.133987,
            0.9759,
            -0.172242
          ],
          [
            0.133649,
            0.190016,
            0.972642
          ]
        ],
        [
          [
            0.976505,
            -0.157123,
            0.147477
          ],
          [
            0.180109,
            0.970835,
            -0.158238
          ],
          [
            -0.118313,
            0.181083,
            0.976325
          ]
        ],
        [
          [
            0.999603,
            -0.014581,
            -0.024112
          ],
          [
            0.018101,
            0.988073,
            0.152916
          ],
          [
            0.021595,
            -0.153292,
            0.987945
          ]
        ],
        [
          [
            0.996042,
            0.038763,
            0.079984
          ],
          [
            -0.038815,
            0.999246,
            -0.000899
          ],
          [
            -0.079958,
            -0.002209,
            0.996796
          ]
        ],
        [
          [
            0.999766,
            -0.010674,
            -0.018832
          ],
          [
            0.00917,
            0.996894,
            -0.07822
          ],
          [
            0.019608,
            0.078029,
            0.996758
          ]
        ],
        [
          [
            0.998029,
            0.042842,
            -0.045856
          ],
          [
            -0.015705,
            0.877969,
            0.47846
          ],
          [
            0.060758,
            -0.476796,
            0.876911
          ]
        ],
        [
          [
            0.986523,
            -0.140499,
            -0.083856
          ],
          [
            0.119715,
            0.969158,
            -0.215411
          ],
          [
            0.111535,
            0.202469,
            0.972916
          ]
        ],
        [
          [
            0.963214,
            0.067593,
            0.260097
          ],
          [
            -0.031144,
            0.989407,
            -0.141791
          ],
          [
            -0.266926,
            0.128475,
            0.955115
          ]
        ],
        [
          [
            0.999103,
            -0.036827,
            -0.020908
          ],
          [
            0.03453,
            0.994263,
            -0.101234
          ],
          [
            0.024516,
            0.100421,
            0.994643
          ]
        ],
        [
          [
            0.806755,
            0.098204,
            -0.582669
          ],
          [
            -0.120856,
            0.99267,
            -2.8e-05
          ],
          [
            0.578395,
            0.070441,
            0.81271
          ]
        ],
        [
          [
            0.623931,
            -0.184372,
            0.759419
          ],
          [
            0.10661,
            0.982767,
            0.151007
          ],
          [
            -0.774173,
            -0.013257,
            0.632835
          ]
        ],
        [
          [
            0.991211,
            0.130426,
            -0.022109
          ],
          [
            -0.130027,
            0.991336,
            0.018603
          ],
          [
            0.024344,
            -0.015564,
            0.999582
          ]
        ],
        [
          [
            0.998035,
            -0.062439,
            -0.005303
          ],
          [
            0.062298,
            0.997781,
            -0.023501
          ],
          [
            0.006758,
            0.023125,
            0.99971
          ]
        ],
        [
          [
            0.998483,
            -0.022771,
            -0.050124
          ],
          [
            0.024561,
            0.999072,
            0.035393
          ],
          [
            0.049271,
            -0.03657,
            0.998116
          ]
        ],
        [
          [
            0.998712,
            0.033218,
            0.038347
          ],
          [
            -0.033503,
            0.999415,
            0.006801
          ],
          [
            -0.038099,
            -0.008077,
            0.999241
          ]
        ],
        [
          [
            1.0,
            0.0,
            0.0
          ],
          [
            0.0,
            1.0,
            0.0
          ],
          [
            0.0,
            0.0,
            1.0
          ]
        ],
        [
          [
            1.0,
            0.0,
            0.0
          ],
          [
            0.0,
            1.0,
            0.0
          ],
          [
            0.0,
            0.0,
            1.0
          ]
        ]
      ]
    },
    {
      "time_sec": 0.337589,
      "root_offset": [
        0.002222,
        0.006056,
        0.000184
      ],
      "local_rotation_matrices": [
        [
          [
            0.999663,
            -0.00867,
            0.024473
          ],
          [
            0.008401,
            0.999903,
            0.011101
          ],
          [
            -0.024567,
            -0.010891,
            0.999639
          ]
        ],
        [
          [
            0.988221,
            -0.109974,
            0.106417
          ],
          [
            0.121292,
            0.98689,
            -0.106474
          ],
          [
            -0.093312,
            0.118127,
            0.988604
          ]
        ],
        [
          [
            0.97153,
            0.140427,
            -0.190816
          ],
          [
            -0.171877,
            0.972085,
            -0.159717
          ],
          [
            0.163061,
            0.187967,
            0.968545
          ]
        ],
        [
          [
            0.999876,
            -0.006495,
            -0.014321
          ],
          [
            0.008697,
            0.987149,
            0.159568
          ],
          [
            0.0131,
            -0.159673,
            0.987083
          ]
        ],
        [
          [
            0.999479,
            0.029589,
            -0.012929
          ],
          [
            -0.028258,
            0.995251,
            0.093152
          ],
          [
            0.015624,
            -0.092738,
            0.995568
          ]
        ],
        [
          [
            0.999081,
            -0.042857,
            0.001052
          ],
          [
            0.04172,
            0.977633,
            0.20614
          ],
          [
            -0.009863,
            -0.205907,
            0.978522
          ]
        ],
        [
          [
            0.999206,
            0.038527,
            -0.010168
          ],
          [
            -0.039563,
            0.928914,
            -0.368177
          ],
          [
            -0.00474,
            0.368286,
            0.9297
          ]
        ],
        [
          [
            0.981115,
            0.114538,
            -0.155865
          ],
          [
            -0.140459,
            0.975901,
            -0.167
          ],
          [
            0.132981,
            0.185738,
            0.973559
          ]
        ],
        [
          [
            0.97572,
            -0.160465,
            0.149071
          ],
          [
            0.183077,
            0.971129,
            -0.152945
          ],
          [
            -0.120225,
            0.176523,
            0.976927
          ]
        ],
        [
          [
            0.999579,
            -0.01565,
            -0.024415
          ],
          [
            0.019235,
            0.987838,
            0.154292
          ],
          [
            0.021704,
            -0.154697,
            0.987724
          ]
        ],
        [
          [
            0.996544,
            0.037732,
            0.074
          ],
          [
            -0.037556,
            0.999287,
            -0.003762
          ],
          [
            -0.074089,
            0.000969,
            0.997251
          ]
        ],
        [
          [
            0.999729,
            -0.007794,
            -0.021941
          ],
          [
            0.006084,
            0.997016,
            -0.076951
          ],
          [
            0.022475,
            0.076796,
            0.996793
          ]
        ],
        [
          [
            0.997454,
            0.036583,
            -0.061207
          ],
          [
            -0.003442,
            0.882065,
            0.471116
          ],
          [
            0.071223,
            -0.469706,
            0.879945
          ]
        ],
        [
          [
            0.990612,
            -0.135605,
            -0.017298
          ],
          [
            0.128086,
            0.964918,
            -0.229187
          ],
          [
            0.04777,
            0.22482,
            0.973229
          ]
        ],
        [
          [
            0.973653,
            0.049622,
            0.22257
          ],
          [
            -0.01819,
            0.989827,
            -0.141109
          ],
          [
            -0.227308,
            0.133343,
            0.964651
          ]
        ],
        [
          [
            0.999372,
            -0.030552,
            -0.017976
          ],
          [
            0.028689,
            0.994962,
            -0.096065
          ],
          [
            0.02082,
            0.095489,
            0.995213
          ]
        ],
        [
          [
            0.877673,
            0.123581,
            -0.463053
          ],
          [
            -0.127423,
            0.991579,
            0.023116
          ],
          [
            0.46201,
            0.038716,
            0.886029
          ]
        ],
        [
          [
            0.657621,
            -0.207488,
            0.724212
          ],
          [
            0.116567,
            0.977771,
            0.174285
          ],
          [
            -0.744276,
            -0.030195,
            0.667189
          ]
        ],
        [
          [
            0.950777,
            0.307413,
            -0.038999
          ],
          [
            -0.307057,
            0.951574,
            0.014952
          ],
          [
            0.041707,
            -0.002241,
            0.999127
          ]
        ],
        [
          [
            0.981795,
            -0.189757,
            0.008384
          ],
          [
            0.18993,
            0.981271,
            -0.032152
          ],
          [
            -0.002125,
            0.033159,
            0.999448
          ]
        ],
        [
          [
            0.998723,
            -0.022982,
            -0.044992
          ],
          [
            0.024747,
            0.99893,
            0.03907
          ],
          [
            0.044046,
            -0.040134,
            0.998223
          ]
        ],
        [
          [
            0.998736,
            0.032699,
            0.038173
          ],
          [
            -0.033339,
            0.999312,
            0.016254
          ],
          [
            -0.037615,
            -0.017506,
            0.999139
          ]
        ],
        [
          [
            1.0,
            0.0,
            0.0
          ],
          [
            0.0,
            1.0,
            0.0
          ],
          [
            0.0,
            0.0,
            1.0
          ]
        ],
        [
          [
            1.0,
            0.0,
            0.0
          ],
          [
            0.0,
            1.0,
            0.0
          ],
          [
            0.0,
            0.0,
            1.0
          ]
        ]
      ]
    },
    {
      "time_sec": 0.421986,
      "root_offset": [
        -0.003957,
        0.014223,
        0.000393
      ],
      "local_rotation_matrices": [
        [
          [
            0.999799,
            -0.009065,
            0.017872
          ],
          [
            0.008785,
            0.999838,
            0.015709
          ],
          [
            -0.018012,
            -0.015549,
            0.999717
          ]
        ],
        [
          [
            0.986819,
            -0.116297,
            0.112534
          ],
          [
            0.129302,
            0.984779,
            -0.11615
          ],
          [
            -0.097313,
            0.12917,
            0.986836
          ]
        ],
        [
          [
            0.972773,
            0.137876,
            -0.186288
          ],
          [
            -0.164456,
            0.97701,
            -0.135664
          ],
          [
            0.163301,
            0.162607,
            0.973084
          ]
        ],
        [
          [
            0.999893,
            -0.006112,
            -0.01329
          ],
          [
            0.007953,
            0.989657,
            0.14323
          ],
          [
            0.012278,
            -0.143321,
            0.9896
          ]
        ],
        [
          [
            0.999688,
            0.021187,
            -0.01326
          ],
          [
            -0.019507,
            0.99305,
            0.116069
          ],
          [
            0.015627,
            -0.115774,
            0.993153
          ]
        ],
        [
          [
            0.99937,
            -0.035237,
            0.004256
          ],
          [
            0.034087,
            0.986257,
            0.161666
          ],
          [
            -0.009894,
            -0.161419,
            0.986836
          ]
        ],
        [
          [
            0.997563,
            0.069093,
            0.009709
          ],
          [
            -0.060624,
            0.92722,
            -0.369579
          ],
          [
            -0.034537,
            0.36809,
            0.929149
          ]
        ],
        [
          [
            0.979921,
            0.129249,
            -0.151819
          ],
          [
            -0.154061,
            0.974181,
            -0.165036
          ],
          [
            0.126568,
            0.185112,
            0.974533
          ]
        ],
        [
          [
            0.97506,
            -0.164319,
            0.149188
          ],
          [
            0.185815,
            0.971994,
            -0.143876
          ],
          [
            -0.121368,
            0.16801,
            0.978285
          ]
        ],
        [
          [
            0.999652,
            -0.012562,
            -0.023214
          ],
          [
            0.015959,
            0.988181,
            0.15246
          ],
          [
            0.021025,
            -0.152777,
            0.988037
          ]
        ],
        [
          [
            0.997068,
            0.035795,
            0.067637
          ],
          [
            -0.035184,
