{
  "format": "gf5_keyframed_motion",
  "version": 1,
  "name": "Side-step dance",
  "profile_name": "course_body_24",
  "joint_order": [
    "pelvis",
    "left_hip",
    "right_hip",
    "spine1",
    "left_knee",
    "right_knee",
    "spine2",
    "left_ankle",
    "right_ankle",
    "spine3",
    "left_foot",
    "right_foot",
    "neck",
    "left_collar",
    "right_collar",
    "head",
    "left_shoulder",
    "right_shoulder",
    "left_elbow",
    "right_elbow",
    "left_wrist",
    "right_wrist",
    "left_hand",
    "right_hand"
  ],
  "coordinate_convention": {
    "name": "gf5_viewer_body",
    "up_axis": [
      0.0,
      0.0,
      1.0
    ],
    "forward_axis": [
      0.0,
      1.0,
      0.0
    ],
    "anatomical_right_axis": [
      1.0,
      0.0,
      0.0
    ],
    "native_smpl_to_viewer": "viewer=(-native_x, native_z, native_y)"
  },
  "duration_sec": 3.966667,
  "exported_at": "2026-05-13T23:48:16",
  "source_asset_name": null,
  "source_motion": {
    "format": "amass_npz",
    "path": "staff_tools/motion_fallback/packs/hy_motion_palette/clips/dance_side_step_01.npz",
    "frame_rate": 30.0,
    "frame_count": 120,
    "pose_source": "poses",
    "translation_source": "trans",
    "start_sec": 0.0,
    "end_sec": 3.966667,
    "sample_fps": 12.0,
    "manifest": "staff_tools/motion_fallback/packs/hy_motion_palette/manifest.json"
  },
  "keyframes": [
    {
      "time_sec": 0.0,
      "root_offset": [
        0.0,
        0.0,
        0.0
      ],
      "local_rotation_matrices": [
        [
          [
            0.999349,
            0.020284,
            0.029832
          ],
          [
            -0.02163,
            0.998729,
            0.045529
          ],
          [
            -0.028871,
            -0.046144,
            0.998518
          ]
        ],
        [
          [
            0.97144,
            -0.234298,
            0.037538
          ],
          [
            0.237258,
            0.956669,
            -0.1688
          ],
          [
            0.003638,
            0.172886,
            0.984935
          ]
        ],
        [
          [
            0.962978,
            0.229984,
            -0.140643
          ],
          [
            -0.257307,
            0.939758,
            -0.225052
          ],
          [
            0.080412,
            0.252909,
            0.964143
          ]
        ],
        [
          [
            0.999747,
            -0.016005,
            0.015811
          ],
          [
            0.014557,
            0.996032,
            0.087803
          ],
          [
            -0.017153,
            -0.08755,
            0.996012
          ]
        ],
        [
          [
            0.999569,
            0.027805,
            -0.009367
          ],
          [
            -0.026395,
            0.991585,
            0.126738
          ],
          [
            0.012812,
            -0.126436,
            0.991892
          ]
        ],
        [
          [
            0.99914,
            -0.041463,
            -0.000955
          ],
          [
            0.040519,
            0.970975,
            0.235726
          ],
          [
            -0.008847,
            -0.235562,
            0.971819
          ]
        ],
        [
          [
            0.998081,
            -0.044513,
            -0.04305
          ],
          [
            0.029645,
            0.953813,
            -0.298933
          ],
          [
            0.054368,
            0.297083,
            0.953302
          ]
        ],
        [
          [
            0.991433,
            0.10641,
            -0.075748
          ],
          [
            -0.117822,
            0.978896,
            -0.166978
          ],
          [
            0.056381,
            0.174472,
            0.983047
          ]
        ],
        [
          [
            0.984882,
            -0.154827,
            0.077692
          ],
          [
            0.166707,
            0.969025,
            -0.182204
          ],
          [
            -0.047076,
            0.192401,
            0.980187
          ]
        ],
        [
          [
            0.999895,
            -0.014186,
            -0.002832
          ],
          [
            0.01439,
            0.995422,
            0.09449
          ],
          [
            0.001479,
            -0.094521,
            0.995522
          ]
        ],
        [
          [
            0.996939,
            0.036852,
            0.068955
          ],
          [
            -0.03731,
            0.999289,
            0.00537
          ],
          [
            -0.068709,
            -0.007926,
            0.997605
          ]
        ],
        [
          [
            0.999799,
            -0.015067,
            -0.013206
          ],
          [
            0.014124,
            0.997527,
            -0.068851
          ],
          [
            0.01421,
            0.068651,
            0.99754
          ]
        ],
        [
          [
            0.997039,
            0.056537,
            0.052131
          ],
          [
            -0.072362,
            0.919199,
            0.387087
          ],
          [
            -0.026035,
            -0.389713,
            0.920568
          ]
        ],
        [
          [
            0.961308,
            -0.087516,
            -0.261205
          ],
          [
            0.072028,
            0.995061,
            -0.068308
          ],
          [
            0.265893,
            0.04685,
            0.962863
          ]
        ],
        [
          [
            0.93765,
            0.075066,
            0.339377
          ],
          [
            -0.027552,
            0.98938,
            -0.142715
          ],
          [
            -0.346486,
            0.124467,
            0.929761
          ]
        ],
        [
          [
            0.99814,
            -0.06001,
            -0.010754
          ],
          [
            0.05866,
            0.993384,
            -0.098723
          ],
          [
            0.016607,
            0.097909,
            0.995057
          ]
        ],
        [
          [
            0.591938,
            0.125291,
            -0.796186
          ],
          [
            -0.093866,
            0.991838,
            0.086294
          ],
          [
            0.800499,
            0.023655,
            0.598867
          ]
        ],
        [
          [
            0.620423,
            -0.075072,
            0.780666
          ],
          [
            -7.2e-05,
            0.995403,
            0.095779
          ],
          [
            -0.784267,
            -0.05948,
            0.617566
          ]
        ],
        [
          [
            0.994707,
            0.102693,
            -0.003632
          ],
          [
            -0.102642,
            0.994644,
            0.012166
          ],
          [
            0.004862,
            -0.011728,
            0.999919
          ]
        ],
        [
          [
            0.990459,
            -0.136442,
            -0.019338
          ],
          [
            0.136993,
            0.990092,
            0.030843
          ],
          [
            0.014938,
            -0.033198,
            0.999337
          ]
        ],
        [
          [
            0.99956,
            -0.020351,
            -0.021564
          ],
          [
            0.021088,
            0.999181,
            0.034525
          ],
          [
            0.020844,
            -0.034965,
            0.999171
          ]
        ],
        [
          [
            0.998431,
            0.034093,
            0.044412
          ],
          [
            -0.034079,
            0.999419,
            -0.00108
          ],
          [
            -0.044423,
            -0.000435,
            0.999013
          ]
        ],
        [
          [
            1.0,
            0.0,
            0.0
          ],
          [
            0.0,
            1.0,
            0.0
          ],
          [
            0.0,
            0.0,
            1.0
          ]
        ],
        [
          [
            1.0,
            0.0,
            0.0
          ],
          [
            0.0,
            1.0,
            0.0
          ],
          [
            0.0,
            0.0,
            1.0
          ]
        ]
      ]
    },
    {
      "time_sec": 0.084397,
      "root_offset": [
        0.00255,
        -0.002594,
        5.7e-05
      ],
      "local_rotation_matrices": [
        [
          [
            0.999414,
            0.014593,
            0.030961
          ],
          [
            -0.016014,
            0.998806,
            0.046146
          ],
          [
            -0.03025,
            -0.046614,
            0.998455
          ]
        ],
        [
          [
            0.972095,
            -0.231429,
            0.038362
          ],
          [
            0.23457,
            0.956978,
            -0.170794
          ],
          [
            0.002815,
            0.175027,
            0.98456
          ]
        ],
        [
          [
            0.962599,
            0.231943,
            -0.14002
          ],
          [
            -0.259284,
            0.938555,
            -0.227787
          ],
          [
            0.078583,
            0.255572,
            0.963591
          ]
        ],
        [
          [
            0.999761,
            -0.015468,
            0.015428
          ],
          [
            0.014046,
            0.99599,
            0.088354
          ],
          [
            -0.016733,
            -0.088116,
            0.99597
          ]
        ],
        [
          [
            0.999555,
            0.02822,
            -0.009684
          ],
          [
            -0.026792,
            0.991819,
            0.124809
          ],
          [
            0.013127,
            -0.124494,
            0.992133
          ]
        ],
        [
          [
            0.999155,
            -0.041076,
            -0.001314
          ],
          [
            0.04019,
            0.96992,
            0.240082
          ],
          [
            -0.008587,
            -0.239932,
            0.970752
          ]
        ],
        [
          [
            0.997887,
            -0.04718,
            -0.044661
          ],
          [
            0.031755,
            0.953958,
            -0.298255
          ],
          [
            0.056676,
            0.296206,
            0.953441
          ]
        ],
        [
          [
            0.991135,
            0.107919,
            -0.077485
          ],
          [
            -0.119519,
            0.978971,
            -0.16532
          ],
          [
            0.058015,
            0.173116,
            0.983191
          ]
        ],
        [
          [
            0.985037,
            -0.15444,
            0.076482
          ],
          [
            0.166087,
            0.96916,
            -0.182057
          ],
          [
            -0.046006,
            0.192035,
            0.980309
          ]
        ],
        [
          [
            0.999894,
            -0.014261,
            -0.002995
          ],
          [
            0.014481,
            0.995364,
            0.095083
          ],
          [
            0.001626,
            -0.095116,
            0.995465
          ]
        ],
        [
          [
            0.996937,
            0.037079,
            0.068868
          ],
          [
            -0.037527,
            0.999282,
            0.005232
          ],
          [
            -0.068624,
            -0.0078,
            0.997612
          ]
        ],
        [
          [
            0.999798,
            -0.01536,
            -0.012978
          ],
          [
            0.01443,
            0.997519,
            -0.068908
          ],
          [
            0.014005,
            0.068707,
            0.997539
          ]
        ],
        [
          [
            0.997068,
            0.055996,
            0.052157
          ],
          [
            -0.071847,
            0.91964,
            0.386136
          ],
          [
            -0.026344,
            -0.388751,
            0.920966
          ]
        ],
        [
          [
            0.961322,
            -0.087302,
            -0.261226
          ],
          [
            0.071834,
            0.995082,
            -0.068203
          ],
          [
            0.265895,
            0.0468,
            0.962865
          ]
        ],
        [
          [
            0.937666,
            0.076628,
            0.338985
          ],
          [
            -0.029738,
            0.989503,
            -0.141421
          ],
          [
            -0.346263,
            0.122525,
            0.930102
          ]
        ],
        [
          [
            0.9981,
            -0.060638,
            -0.010925
          ],
          [
            0.059275,
            0.993385,
            -0.098348
          ],
          [
            0.016817,
            0.097514,
            0.995092
          ]
        ],
        [
          [
            0.594719,
            0.127206,
            -0.793806
          ],
          [
            -0.096273,
            0.991566,
            0.086769
          ],
          [
            0.798149,
            0.024819,
            0.601949
          ]
        ],
        [
          [
            0.619558,
            -0.075353,
            0.781326
          ],
          [
            -0.002246,
            0.995207,
            0.097761
          ],
          [
            -0.784948,
            -0.062323,
            0.616419
          ]
        ],
        [
          [
            0.994281,
            0.106679,
            -0.004969
          ],
          [
            -0.10661,
            0.994223,
            0.012479
          ],
          [
            0.006271,
            -0.011878,
            0.99991
          ]
        ],
        [
          [
            0.990012,
            -0.13984,
            -0.017927
          ],
          [
            0.140352,
            0.9896,
            0.031513
          ],
          [
            0.013334,
            -0.033714,
            0.999343
          ]
        ],
        [
          [
            0.999551,
            -0.020004,
            -0.022288
          ],
          [
            0.020741,
            0.999229,
            0.033349
          ],
          [
            0.021604,
            -0.033796,
            0.999195
          ]
        ],
        [
          [
            0.998448,
            0.033522,
            0.044482
          ],
          [
            -0.03352,
            0.999438,
            -0.000804
          ],
          [
            -0.044484,
            -0.000688,
            0.99901
          ]
        ],
        [
          [
            1.0,
            0.0,
            0.0
          ],
          [
            0.0,
            1.0,
            0.0
          ],
          [
            0.0,
            0.0,
            1.0
          ]
        ],
        [
          [
            1.0,
            0.0,
            0.0
          ],
          [
            0.0,
            1.0,
            0.0
          ],
          [
            0.0,
            0.0,
            1.0
          ]
        ]
      ]
    },
    {
      "time_sec": 0.168794,
      "root_offset": [
        0.00471,
        -0.003594,
        0.000271
      ],
      "local_rotation_matrices": [
        [
          [
            0.999471,
            0.010046,
            0.030937
          ],
          [
            -0.011503,
            0.998816,
            0.047267
          ],
          [
            -0.030425,
            -0.047598,
            0.998403
          ]
        ],
        [
          [
            0.972535,
            -0.229182,
            0.040632
          ],
          [
            0.232755,
            0.95712,
            -0.17247
          ],
          [
            0.000637,
            0.177191,
            0.984176
          ]
        ],
        [
          [
            0.962096,
            0.235024,
            -0.138332
          ],
          [
            -0.262002,
            0.937332,
            -0.229705
          ],
          [
            0.075676,
            0.257241,
            0.963379
          ]
        ],
        [
          [
            0.999764,
            -0.015175,
            0.015554
          ],
          [
            0.013738,
            0.995971,
            0.088615
          ],
          [
            -0.016836,
            -0.08838,
            0.995944
          ]
        ],
        [
          [
            0.999551,
            0.028351,
            -0.009673
          ],
          [
            -0.026956,
            0.992118,
            0.122374
          ],
          [
            0.013066,
            -0.122058,
            0.992437
          ]
        ],
        [
          [
            0.999158,
            -0.040987,
            -0.001614
          ],
          [
            0.040154,
            0.969305,
            0.242562
          ],
          [
            -0.008377,
            -0.242422,
            0.970135
          ]
        ],
        [
          [
            0.99774,
            -0.048223,
            -0.046799
          ],
          [
            0.03218,
            0.954263,
            -0.29723
          ],
          [
            0.058992,
            0.295052,
            0.953658
          ]
        ],
        [
          [
            0.99073,
            0.109632,
            -0.080218
          ],
          [
            -0.121655,
            0.978796,
            -0.164798
          ],
          [
            0.06045,
            0.17303,
            0.98306
          ]
        ],
        [
          [
            0.985359,
            -0.153484,
            0.074227
          ],
          [
            0.164704,
            0.969427,
            -0.181888
          ],
          [
            -0.044041,
            0.191451,
            0.980514
          ]
        ],
        [
          [
            0.999895,
            -0.014208,
            -0.002875
          ],
          [
            0.014418,
            0.995345,
            0.095296
          ],
          [
            0.001508,
            -0.095328,
            0.995445
          ]
        ],
        [
          [
            0.996947,
            0.037303,
            0.068588
          ],
          [
            -0.037729,
            0.999276,
            0.004929
          ],
          [
            -0.068355,
            -0.007501,
            0.997633
          ]
        ],
        [
          [
            0.999797,
            -0.015415,
            -0.012946
          ],
          [
            0.014486,
            0.997509,
            -0.06903
          ],
          [
            0.013978,
            0.068829,
            0.997531
          ]
        ],
        [
          [
            0.997078,
            0.055313,
            0.052697
          ],
          [
            -0.071429,
            0.919637,
            0.386219
          ],
          [
            -0.027099,
            -0.388854,
            0.920901
          ]
        ],
        [
          [
            0.961714,
            -0.088536,
            -0.259361
          ],
          [
            0.073177,
            0.994977,
            -0.068306
          ],
          [
            0.264106,
            0.046712,
            0.963362
          ]
        ],
        [
          [
            0.93738,
            0.08035,
            0.338913
          ],
          [
            -0.033636,
            0.989363,
            -0.141527
          ],
          [
            -0.34668,
            0.121265,
            0.930112
          ]
        ],
        [
          [
            0.99806,
            -0.061197,
            -0.011474
          ],
          [
            0.059779,
            0.993363,
            -0.098271
          ],
          [
            0.017412,
            0.097395,
            0.995094
          ]
        ],
        [
          [
            0.596987,
            0.130441,
            -0.791576
          ],
          [
            -0.097858,
            0.991165,
            0.089529
          ],
          [
            0.79626,
            0.024015,
            0.604477
          ]
        ],
        [
          [
            0.61945,
            -0.074329,
            0.78151
          ],
          [
            -0.005509,
            0.995071,
            0.099008
          ],
          [
            -0.785017,
            -0.065635,
            0.615987
          ]
        ],
        [
          [
            0.994049,
            0.108793,
            -0.005569
          ],
          [
            -0.108709,
            0.993979,
            0.013688
          ],
          [
            0.007025,
            -0.013001,
            0.999891
          ]
        ],
        [
          [
            0.989726,
            -0.141852,
            -0.017929
          ],
          [
            0.142365,
            0.989307,
            0.03168
          ],
          [
            0.013243,
            -0.033907,
            0.999337
          ]
        ],
        [
          [
            0.999534,
            -0.020428,
            -0.022694
          ],
          [
            0.021156,
            0.999255,
            0.03228
          ],
          [
            0.022018,
            -0.032745,
            0.999221
          ]
        ],
        [
          [
            0.998431,
            0.033322,
            0.044996
          ],
          [
            -0.033328,
            0.999444,
            -0.000616
          ],
          [
            -0.044992,
            -0.000884,
            0.998987
          ]
        ],
        [
          [
            1.0,
            0.0,
            0.0
          ],
          [
            0.0,
            1.0,
            0.0
          ],
          [
            0.0,
            0.0,
            1.0
          ]
        ],
        [
          [
            1.0,
            0.0,
            0.0
          ],
          [
            0.0,
            1.0,
            0.0
          ],
          [
            0.0,
            0.0,
            1.0
          ]
        ]
      ]
    },
    {
      "time_sec": 0.253192,
      "root_offset": [
        0.008968,
        -0.004181,
        0.000418
      ],
      "local_rotation_matrices": [
        [
          [
            0.999545,
            0.003801,
            0.029934
          ],
          [
            -0.005257,
            0.998799,
            0.04872
          ],
          [
            -0.029713,
            -0.048855,
            0.998364
          ]
        ],
        [
          [
            0.972923,
            -0.226568,
            0.045689
          ],
          [
            0.23109,
            0.957188,
            -0.174325
          ],
          [
            -0.004237,
            0.180163,
            0.983628
          ]
        ],
        [
          [
            0.960858,
            0.242111,
            -0.134664
          ],
          [
            -0.268017,
            0.935411,
            -0.230593
          ],
          [
            0.070137,
            0.257659,
            0.963687
          ]
        ],
        [
          [
            0.999765,
            -0.014621,
            0.016037
          ],
          [
            0.013134,
            0.995928,
            0.089189
          ],
          [
            -0.017276,
            -0.088957,
            0.995886
          ]
        ],
        [
          [
            0.999561,
            0.027963,
            -0.00975
          ],
          [
            -0.026593,
            0.99242,
            0.11998
          ],
          [
            0.013031,
            -0.119668,
            0.992728
          ]
        ],
        [
          [
            0.999141,
            -0.041409,
            -0.00173
          ],
          [
            0.040579,
            0.968918,
            0.244031
          ],
          [
            -0.008429,
            -0.243891,
            0.969766
          ]
        ],
        [
          [
            0.997567,
            -0.048003,
            -0.050565
          ],
          [
            0.030993,
            0.954954,
            -0.295132
          ],
          [
            0.062454,
            0.292847,
            0.954117
          ]
        ],
        [
          [
            0.990052,
            0.111767,
            -0.085476
          ],
          [
            -0.124686,
            0.978401,
            -0.164877
          ],
          [
            0.065202,
            0.173895,
            0.982603
          ]
        ],
        [
          [
            0.985897,
            -0.151851,
            0.07035
          ],
          [
            0.162328,
            0.969945,
            -0.181264
          ],
          [
            -0.04071,
            0.190128,
            0.980915
          ]
        ],
        [
          [
            0.9999,
            -0.013933,
            -0.002342
          ],
          [
            0.014094,
            0.995251,
            0.096315
          ],
          [
            0.000989,
            -0.096338,
            0.995348
          ]
        ],
        [
          [
            0.996984,
            0.037349,
            0.068025
          ],
          [
            -0.037725,
            0.999279,
            0.004238
          ],
          [
            -0.067818,
            -0.006791,
            0.997675
          ]
        ],
        [
          [
            0.999784,
            -0.015491,
            -0.013836
          ],
          [
            0.014503,
            0.997523,
            -0.068828
          ],
          [
            0.014868,
            0.068612,
            0.997533
          ]
        ],
        [
          [
            0.997031,
            0.0543,
            0.054591
          ],
          [
            -0.071252,
            0.919396,
            0.386826
          ],
          [
            -0.029186,
            -0.389568,
            0.920535
          ]
        ],
        [
          [
            0.963409,
            -0.091265,
            -0.25202
          ],
          [
            0.076381,
            0.99474,
            -0.068245
          ],
          [
            0.256923,
            0.046499,
            0.965313
          ]
        ],
        [
          [
            0.93665,
            0.089043,
            0.33876
          ],
          [
            -0.041501,
            0.988548,
            -0.14509
          ],
          [
            -0.347799,
            0.121839,
            0.929619
          ]
        ],
        [
          [
            0.998025,
            -0.061624,
            -0.012165
          ],
          [
            0.060139,
            0.99335,
            -0.098184
          ],
          [
            0.018135,
            0.097258,
            0.995094
          ]
        ],
        [
          [
            0.601794,
            0.138416,
            -0.786565
          ],
          [
            -0.099317,
            0.990192,
            0.098263
          ],
          [
            0.792452,
            0.018985,
            0.609639
          ]
        ],
        [
          [
            0.621893,
            -0.070774,
            0.779898
          ],
          [
            -0.011472,
            0.994977,
            0.099439
          ],
          [
            -0.783018,
            -0.070788,
            0.617958
          ]
        ],
        [
          [
            0.993523,
            0.113462,
            -0.006154
          ],
          [
            -0.113356,
            0.993434,
            0.015494
          ],
          [
            0.007871,
            -0.014696,
            0.999861
          ]
        ],
        [
          [
            0.988929,
            -0.147323,
            -0.01775
          ],
          [
            0.147825,
            0.988515,
            0.031385
          ],
          [
            0.012923,
            -0.033661,
            0.99935
          ]
        ],
        [
          [
            0.999477,
            -0.021788,
            -0.023914
          ],
          [
            0.022542,
            0.999243,
            0.0317
          ],
          [
            0.023205,
            -0.032223,
            0.999211
          ]
        ],
        [
          [
            0.998404,
            0.033407,
            0.045532
          ],
          [
            -0.033449,
            0.99944,
            0.000158
          ],
          [
            -0.045502,
            -0.001681,
            0.998963
          ]
        ],
        [
          [
            1.0,
            0.0,
            0.0
          ],
          [
            0.0,
            1.0,
            0.0
          ],
          [
            0.0,
            0.0,
            1.0
          ]
        ],
        [
          [
            1.0,
            0.0,
            0.0
          ],
          [
            0.0,
            1.0,
            0.0
          ],
          [
            0.0,
            0.0,
            1.0
          ]
        ]
      ]
    },
    {
      "time_sec": 0.337589,
      "root_offset": [
        0.011097,
        -0.002966,
        0.000459
      ],
      "local_rotation_matrices": [
        [
          [
            0.999587,
            -0.001523,
            0.028685
          ],
          [
            0.000113,
            0.998794,
            0.049096
          ],
          [
            -0.028725,
            -0.049073,
            0.998382
          ]
        ],
        [
          [
            0.973282,
            -0.224191,
            0.049614
          ],
          [
            0.22947,
            0.957367,
            -0.175479
          ],
          [
            -0.008158,
            0.182175,
            0.983232
          ]
        ],
        [
          [
            0.959624,
            0.248194,
            -0.132367
          ],
          [
            -0.273316,
            0.933961,
            -0.230249
          ],
          [
            0.06648,
            0.257131,
            0.964087
          ]
        ],
        [
          [
            0.999752,
            -0.014469,
            0.016922
          ],
          [
            0.012888,
            0.995853,
            0.090058
          ],
          [
            -0.018155,
            -0.089817,
            0.995793
          ]
        ],
        [
          [
            0.999554,
            0.028176,
            -0.00987
          ],
          [
            -0.026795,
            0.992454,
            0.119652
          ],
          [
            0.013167,
            -0.119334,
            0.992767
          ]
        ],
        [
          [
            0.999128,
            -0.041702,
            -0.001825
          ],
          [
            0.040885,
            0.968852,
            0.244241
          ],
          [
            -0.008417,
            -0.244103,
            0.969713
          ]
        ],
        [
          [
            0.997474,
            -0.047127,
            -0.053144
          ],
          [
            0.02947,
            0.955336,
            -0.29405
          ],
          [
            0.064628,
            0.291741,
            0.954312
          ]
        ],
        [
          [
            0.989621,
            0.112959,
            -0.088833
          ],
          [
            -0.126497,
            0.97806,
            -0.165518
          ],
          [
            0.068187,
            0.175037,
            0.982198
          ]
        ],
        [
          [
            0.986215,
            -0.150754,
            0.068218
          ],
          [
            0.160832,
            0.970246,
            -0.180984
          ],
          [
            -0.038905,
            0.189461,
            0.981117
          ]
        ],
        [
          [
            0.999901,
            -0.013955,
            -0.001845
          ],
          [
            0.014069,
            0.995134,
            0.097525
          ],
          [
            0.000475,
            -0.097542,
            0.995231
          ]
        ],
        [
          [
            0.997051,
            0.037289,
            0.067066
          ],
          [
            -0.037611,
            0.999286,
            0.003545
          ],
          [
            -0.066886,
            -0.006057,
            0.997742
          ]
        ],
        [
          [
            0.999767,
            -0.015845,
            -0.014667
          ],
          [
            0.014804,
            0.997537,
            -0.068559
          ],
          [
            0.015717,
            0.068326,
            0.997539
          ]
        ],
        [
          [
            0.996934,
            0.054129,
            0.056511
          ],
          [
            -0.071862,
            0.919117,
            0.387375
          ],
          [
            -0.030972,
            -0.390248,
            0.920189
          ]
        ],
        [
          [
            0.964189,
            -0.092687,
            -0.248492
          ],
          [
            0.077938,
            0.994597,
            -0.068572
          ],
          [
            0.253505,
            0.04675,
            0.966204
          ]
        ],
        [
          [
            0.935496,
            0.09387,
            0.34064
          ],
          [
            -0.04569,
            0.988108,
            -0.146814
          ],
          [
            -0.350371,
            0.12178,
            0.92866
          ]
        ],
        [
          [
            0.998033,
            -0.061423,
            -0.012524
          ],
          [
            0.059919,
            0.993444,
            -0.097358
          ],
          [
            0.018422,
            0.096416,
            0.995171
          ]
        ],
        [
          [
            0.609828,
            0.141029,
            -0.779885
          ],
          [
            -0.100051,
            0.989867,
            0.100767
          ],
          [
            0.786193,
            0.016578,
            0.617759
          ]
        ],
        [
          [
            0.626214,
            -0.068458,
            0.77664
          ],
          [
            -0.015797,
            0.994819,
            0.100426
          ],
          [
            -0.779491,
            -0.075157,
            0.621889
          ]
        ],
        [
          [
            0.992911,
            0.118662,
            -0.006908
          ],
          [
            -0.118534,
            0.99281,
            0.016677
          ],
          [
            0.008837,
            -0.01574,
            0.999837
          ]
        ],
        [
          [
            0.987904,
            -0.154107,
            -0.017208
          ],
          [
            0.154574,
            0.987517,
            0.03027
          ],
          [
            0.012328,
            -0.032564,
            0.999394
          ]
        ],
        [
          [
            0.999439,
            -0.022333,
            -0.024955
          ],
          [
            0.023111,
            0.999241,
            0.031342
          ],
          [
            0.024237,
            -0.031901,
            0.999197
          ]
        ],
        [
          [
            0.998383,
            0.033432,
            0.045982
          ],
          [
            -0.033498,
            0.999439,
            0.000682
          ],
          [
            -0.045934,
            -0.002222,
            0.998942
          ]
        ],
        [
          [
            1.0,
            0.0,
            0.0
          ],
          [
            0.0,
            1.0,
            0.0
          ],
          [
            0.0,
            0.0,
            1.0
          ]
        ],
        [
          [
            1.0,
            0.0,
            0.0
          ],
          [
            0.0,
            1.0,
            0.0
          ],
          [
            0.0,
            0.0,
            1.0
          ]
        ]
      ]
    },
    {
      "time_sec": 0.421986,
      "root_offset": [
        0.014047,
        -0.000868,
        0.000453
      ],
      "local_rotation_matrices": [
        [
          [
            0.999577,
            -0.011599,
            0.026682
          ],
          [
            0.010301,
            0.99878,
            0.048295
          ],
          [
            -0.027209,
            -0.048,
            0.998477
          ]
        ],
        [
          [
            0.973885,
            -0.220471,
            0.054233
          ],
          [
            0.22666,
            0.95797,
            -0.175835
          ],
          [
            -0.013187,
            0.183536,
            0.982925
          ]
        ],
        [
          [
            0.957043,
            0.259085,
            -0.130165
          ],
          [
            -0.283149,
            0.931763,
            -0.227254
          ],
          [
            0.062404,
            0.254348,
            0.965097
          ]
        ],
        [
          [
            0.999712,
            -0.014407,
            0.0192
          ],
          [
            0.012593,
            0.99573,
            0.091452
          ],
          [
            -0.020436,
            -0.091183,
            0.995624
          ]
        ],
        [
          [
            0.999543,
            0.028528,
            -0.010023
          ],
          [
            -0.02712,
            0.992389,
            0.120121
          ],
          [
            0.013374,
            -0.119794,
            0.992709
          ]
        ],
        [
          [
            0.999127,
            -0.041728,
            -0.001844
          ],
          [
            0.040903,
            0.968523,
            0.24554
          ],
          [
            -0.00846,
            -0.245401,
            0.969385
          ]
        ],
        [
          [
            0.997244,
            -0.04639,
            -0.057901
          ],
          [
            0.027403,
            0.955538,
            -0.293593
          ],
          [
            0.068947,
            0.291197,
            0.954175
          ]
        ],
        [
          [
            0.989102,
            0.114895,
            -0.092065
          ],
          [
            -0.128978,
            0.977741,
            -0.165488
          ],
          [
            0.071002,
            0.175559,
            0.981905
          ]
        ],
        [
          [
            0.986549,
            -0.149246,
            0.066689
          ],
          [
            0.158946,
            0.971094,
            -0.17808
          ],
          [
            -0.038184,
            0.186284,
            0.981754
          ]
        ],
        [
          [
            0.999896,
            -0.014391,
            -0.000879
          ],
          [
            0.014407,
            0.994905,
            0.099783
          ],
          [
            -0.000562,
            -0.099785,
            0.995009
          ]
        ],
        [
          [
            0.997181,
            0.037056,
            0.065247
          ],
          [
