{
  "format": "gf5_keyframed_motion",
  "version": 1,
  "name": "Jump twice",
  "profile_name": "course_body_24",
  "joint_order": [
    "pelvis",
    "left_hip",
    "right_hip",
    "spine1",
    "left_knee",
    "right_knee",
    "spine2",
    "left_ankle",
    "right_ankle",
    "spine3",
    "left_foot",
    "right_foot",
    "neck",
    "left_collar",
    "right_collar",
    "head",
    "left_shoulder",
    "right_shoulder",
    "left_elbow",
    "right_elbow",
    "left_wrist",
    "right_wrist",
    "left_hand",
    "right_hand"
  ],
  "coordinate_convention": {
    "name": "gf5_viewer_body",
    "up_axis": [
      0.0,
      0.0,
      1.0
    ],
    "forward_axis": [
      0.0,
      1.0,
      0.0
    ],
    "anatomical_right_axis": [
      1.0,
      0.0,
      0.0
    ],
    "native_smpl_to_viewer": "viewer=(-native_x, native_z, native_y)"
  },
  "duration_sec": 3.966667,
  "exported_at": "2026-05-13T23:48:15",
  "source_asset_name": null,
  "source_motion": {
    "format": "amass_npz",
    "path": "staff_tools/motion_fallback/packs/hy_motion_palette/clips/jump_twice_01.npz",
    "frame_rate": 30.0,
    "frame_count": 120,
    "pose_source": "poses",
    "translation_source": "trans",
    "start_sec": 0.0,
    "end_sec": 3.966667,
    "sample_fps": 12.0,
    "manifest": "staff_tools/motion_fallback/packs/hy_motion_palette/manifest.json"
  },
  "keyframes": [
    {
      "time_sec": 0.0,
      "root_offset": [
        0.0,
        0.0,
        0.0
      ],
      "local_rotation_matrices": [
        [
          [
            0.999664,
            -0.023262,
            0.011452
          ],
          [
            0.023455,
            0.99958,
            -0.017031
          ],
          [
            -0.011051,
            0.017294,
            0.999789
          ]
        ],
        [
          [
            0.99085,
            -0.134151,
            -0.014857
          ],
          [
            0.131919,
            0.985837,
            -0.103554
          ],
          [
            0.028538,
            0.100647,
            0.994513
          ]
        ],
        [
          [
            0.990146,
            0.135063,
            -0.036999
          ],
          [
            -0.136266,
            0.990149,
            -0.032179
          ],
          [
            0.032288,
            0.036904,
            0.998797
          ]
        ],
        [
          [
            0.999765,
            -0.015168,
            -0.015471
          ],
          [
            0.017409,
            0.987464,
            0.15688
          ],
          [
            0.012897,
            -0.157113,
            0.987496
          ]
        ],
        [
          [
            0.998868,
            0.047275,
            -0.005281
          ],
          [
            -0.046141,
            0.989885,
            0.134162
          ],
          [
            0.011571,
            -0.133767,
            0.990945
          ]
        ],
        [
          [
            0.996444,
            -0.082042,
            0.019194
          ],
          [
            0.081587,
            0.996391,
            0.023412
          ],
          [
            -0.021045,
            -0.021763,
            0.999542
          ]
        ],
        [
          [
            0.998079,
            0.05616,
            0.02616
          ],
          [
            -0.039884,
            0.905561,
            -0.422337
          ],
          [
            -0.047407,
            0.420482,
            0.906061
          ]
        ],
        [
          [
            0.996366,
            0.038067,
            -0.0762
          ],
          [
            -0.050176,
            0.9852,
            -0.163901
          ],
          [
            0.068833,
            0.167129,
            0.983529
          ]
        ],
        [
          [
            0.998335,
            -0.057335,
            0.00637
          ],
          [
            0.057687,
            0.992895,
            -0.10408
          ],
          [
            -0.000357,
            0.104274,
            0.994548
          ]
        ],
        [
          [
            0.999801,
            0.000588,
            -0.019944
          ],
          [
            0.002721,
            0.986207,
            0.165496
          ],
          [
            0.019766,
            -0.165518,
            0.986009
          ]
        ],
        [
          [
            0.962552,
            0.108876,
            0.248274
          ],
          [
            -0.098995,
            0.993729,
            -0.05198
          ],
          [
            -0.252376,
            0.025456,
            0.967294
          ]
        ],
        [
          [
            0.995453,
            -0.048197,
            -0.082157
          ],
          [
            0.032359,
            0.982352,
            -0.184219
          ],
          [
            0.089586,
            0.180723,
            0.979446
          ]
        ],
        [
          [
            0.99761,
            0.064765,
            -0.024089
          ],
          [
            -0.045918,
            0.881852,
            0.469285
          ],
          [
            0.051637,
            -0.467058,
            0.882718
          ]
        ],
        [
          [
            0.936892,
            -0.116656,
            -0.329582
          ],
          [
            0.062078,
            0.983218,
            -0.171545
          ],
          [
            0.344063,
            0.140259,
            0.928411
          ]
        ],
        [
          [
            0.938808,
            -0.002687,
            0.344431
          ],
          [
            0.06161,
            0.985153,
            -0.160244
          ],
          [
            -0.338886,
            0.171658,
            0.925035
          ]
        ],
        [
          [
            0.997092,
            -0.076132,
            0.003234
          ],
          [
            0.075995,
            0.990383,
            -0.11561
          ],
          [
            0.005598,
            0.11552,
            0.993289
          ]
        ],
        [
          [
            0.708489,
            0.4323,
            -0.557818
          ],
          [
            -0.006078,
            0.79413,
            0.607718
          ],
          [
            0.705696,
            -0.427171,
            0.565259
          ]
        ],
        [
          [
            0.707727,
            -0.360267,
            0.607725
          ],
          [
            0.029541,
            0.874547,
            0.484041
          ],
          [
            -0.705868,
            -0.324616,
            0.629583
          ]
        ],
        [
          [
            0.941808,
            0.336064,
            -0.007692
          ],
          [
            -0.336008,
            0.941828,
            0.007713
          ],
          [
            0.009836,
            -0.00468,
            0.999941
          ]
        ],
        [
          [
            0.960883,
            -0.276888,
            -0.006079
          ],
          [
            0.276313,
            0.956932,
            0.089062
          ],
          [
            -0.018843,
            -0.087258,
            0.996008
          ]
        ],
        [
          [
            0.999406,
            0.010414,
            -0.032841
          ],
          [
            -0.011389,
            0.999496,
            -0.029629
          ],
          [
            0.032516,
            0.029986,
            0.999021
          ]
        ],
        [
          [
            0.999254,
            0.019804,
            0.033162
          ],
          [
            -0.016568,
            0.995324,
            -0.09516
          ],
          [
            -0.034891,
            0.09454,
            0.994909
          ]
        ],
        [
          [
            1.0,
            0.0,
            0.0
          ],
          [
            0.0,
            1.0,
            0.0
          ],
          [
            0.0,
            0.0,
            1.0
          ]
        ],
        [
          [
            1.0,
            0.0,
            0.0
          ],
          [
            0.0,
            1.0,
            0.0
          ],
          [
            0.0,
            0.0,
            1.0
          ]
        ]
      ]
    },
    {
      "time_sec": 0.084397,
      "root_offset": [
        -0.006569,
        -0.001,
        0.000454
      ],
      "local_rotation_matrices": [
        [
          [
            0.99962,
            -0.025146,
            0.011288
          ],
          [
            0.025313,
            0.999569,
            -0.014852
          ],
          [
            -0.01091,
            0.015133,
            0.999826
          ]
        ],
        [
          [
            0.991135,
            -0.13209,
            -0.0143
          ],
          [
            0.12974,
            0.985416,
            -0.1101
          ],
          [
            0.028635,
            0.107269,
            0.993818
          ]
        ],
        [
          [
            0.990571,
            0.132246,
            -0.035775
          ],
          [
            -0.133458,
            0.990475,
            -0.0339
          ],
          [
            0.030951,
            0.038354,
            0.998785
          ]
        ],
        [
          [
            0.999802,
            -0.014504,
            -0.013661
          ],
          [
            0.01649,
            0.987184,
            0.158729
          ],
          [
            0.011183,
            -0.158923,
            0.987228
          ]
        ],
        [
          [
            0.998879,
            0.047081,
            -0.004934
          ],
          [
            -0.045938,
            0.989212,
            0.139104
          ],
          [
            0.01143,
            -0.138721,
            0.990265
          ]
        ],
        [
          [
            0.996614,
            -0.079978,
            0.019087
          ],
          [
            0.079541,
            0.996574,
            0.022649
          ],
          [
            -0.020833,
            -0.021054,
            0.999561
          ]
        ],
        [
          [
            0.99786,
            0.060657,
            0.024397
          ],
          [
            -0.044721,
            0.905454,
            -0.422083
          ],
          [
            -0.047693,
            0.420089,
            0.906229
          ]
        ],
        [
          [
            0.996458,
            0.036959,
            -0.075533
          ],
          [
            -0.049169,
            0.984764,
            -0.166799
          ],
          [
            0.068218,
            0.169922,
            0.983093
          ]
        ],
        [
          [
            0.998541,
            -0.053866,
            0.003897
          ],
          [
            0.053968,
            0.992435,
            -0.110273
          ],
          [
            0.002072,
            0.110322,
            0.993894
          ]
        ],
        [
          [
            0.999796,
            0.00118,
            -0.020148
          ],
          [
            0.002179,
            0.986135,
            0.165931
          ],
          [
            0.020064,
            -0.165941,
            0.985932
          ]
        ],
        [
          [
            0.962699,
            0.109805,
            0.247292
          ],
          [
            -0.099384,
            0.993568,
            -0.054278
          ],
          [
            -0.251661,
            0.027677,
            0.96742
          ]
        ],
        [
          [
            0.99551,
            -0.047692,
            -0.081758
          ],
          [
            0.031793,
            0.98208,
            -0.185762
          ],
          [
            0.089152,
            0.182329,
            0.979187
          ]
        ],
        [
          [
            0.99764,
            0.063944,
            -0.025019
          ],
          [
            -0.044941,
            0.883559,
            0.466158
          ],
          [
            0.051914,
            -0.463933,
            0.884348
          ]
        ],
        [
          [
            0.937393,
            -0.112944,
            -0.329451
          ],
          [
            0.060346,
            0.984321,
            -0.165744
          ],
          [
            0.343005,
            0.135486,
            0.929511
          ]
        ],
        [
          [
            0.941494,
            -0.006121,
            0.336973
          ],
          [
            0.063351,
            0.985227,
            -0.159106
          ],
          [
            -0.331021,
            0.171145,
            0.927973
          ]
        ],
        [
          [
            0.997054,
            -0.076574,
            0.004401
          ],
          [
            0.076571,
            0.990392,
            -0.115152
          ],
          [
            0.004459,
            0.115149,
            0.993338
          ]
        ],
        [
          [
            0.707795,
            0.433366,
            -0.557871
          ],
          [
            -0.011466,
            0.796662,
            0.604316
          ],
          [
            0.706324,
            -0.421336,
            0.568843
          ]
        ],
        [
          [
            0.708261,
            -0.36165,
            0.606281
          ],
          [
            0.033775,
            0.87519,
            0.482599
          ],
          [
            -0.705143,
            -0.321329,
            0.632077
          ]
        ],
        [
          [
            0.938003,
            0.346551,
            -0.007238
          ],
          [
            -0.346498,
            0.93802,
            0.007639
          ],
          [
            0.009437,
            -0.004658,
            0.999945
          ]
        ],
        [
          [
            0.959157,
            -0.282795,
            -0.006719
          ],
          [
            0.282264,
            0.955259,
            0.088361
          ],
          [
            -0.018569,
            -0.086649,
            0.996066
          ]
        ],
        [
          [
            0.999366,
            0.011654,
            -0.033633
          ],
          [
            -0.012641,
            0.999492,
            -0.029266
          ],
          [
            0.033275,
            0.029673,
            0.999006
          ]
        ],
        [
          [
            0.999268,
            0.018668,
            0.033377
          ],
          [
            -0.015445,
            0.99542,
            -0.094344
          ],
          [
            -0.034985,
            0.09376,
            0.99498
          ]
        ],
        [
          [
            1.0,
            0.0,
            0.0
          ],
          [
            0.0,
            1.0,
            0.0
          ],
          [
            0.0,
            0.0,
            1.0
          ]
        ],
        [
          [
            1.0,
            0.0,
            0.0
          ],
          [
            0.0,
            1.0,
            0.0
          ],
          [
            0.0,
            0.0,
            1.0
          ]
        ]
      ]
    },
    {
      "time_sec": 0.168794,
      "root_offset": [
        -0.009025,
        -0.0029,
        0.000926
      ],
      "local_rotation_matrices": [
        [
          [
            0.999521,
            -0.029237,
            0.010148
          ],
          [
            0.029346,
            0.999512,
            -0.010731
          ],
          [
            -0.009829,
            0.011023,
            0.999891
          ]
        ],
        [
          [
            0.991781,
            -0.127057,
            -0.015041
          ],
          [
            0.124425,
            0.985196,
            -0.117927
          ],
          [
            0.029802,
            0.115087,
            0.992908
          ]
        ],
        [
          [
            0.991216,
            0.128249,
            -0.032303
          ],
          [
            -0.129409,
            0.990907,
            -0.036826
          ],
          [
            0.027286,
            0.040683,
            0.998799
          ]
        ],
        [
          [
            0.99987,
            -0.013488,
            -0.008874
          ],
          [
            0.014744,
            0.98678,
            0.161394
          ],
          [
            0.00658,
            -0.161503,
            0.98685
          ]
        ],
        [
          [
            0.998895,
            0.0468,
            -0.004262
          ],
          [
            -0.045703,
            0.988569,
            0.143676
          ],
          [
            0.010938,
            -0.143322,
            0.989616
          ]
        ],
        [
          [
            0.996654,
            -0.079523,
            0.018881
          ],
          [
            0.079197,
            0.996707,
            0.017425
          ],
          [
            -0.020205,
            -0.015871,
            0.99967
          ]
        ],
        [
          [
            0.997415,
            0.068303,
            0.022318
          ],
          [
            -0.052775,
            0.907103,
            -0.417588
          ],
          [
            -0.048768,
            0.415331,
            0.908362
          ]
        ],
        [
          [
            0.996787,
            0.033218,
            -0.072883
          ],
          [
            -0.045245,
            0.984379,
            -0.170148
          ],
          [
            0.066093,
            0.172899,
            0.982719
          ]
        ],
        [
          [
            0.998885,
            -0.047195,
            -0.001251
          ],
          [
            0.046679,
            0.991227,
            -0.123652
          ],
          [
            0.007076,
            0.123456,
            0.992325
          ]
        ],
        [
          [
            0.99979,
            0.001848,
            -0.020424
          ],
          [
            0.001605,
            0.985826,
            0.167761
          ],
          [
            0.020444,
            -0.167758,
            0.985616
          ]
        ],
        [
          [
            0.963186,
            0.11079,
            0.244947
          ],
          [
            -0.099629,
            0.99336,
            -0.057535
          ],
          [
            -0.249695,
            0.031013,
            0.967828
          ]
        ],
        [
          [
            0.995611,
            -0.04696,
            -0.080956
          ],
          [
            0.031057,
            0.981765,
            -0.187545
          ],
          [
            0.088287,
            0.184207,
            0.978914
          ]
        ],
        [
          [
            0.99769,
            0.062487,
            -0.026657
          ],
          [
            -0.043219,
            0.886548,
            0.460614
          ],
          [
            0.052415,
            -0.458397,
            0.8872
          ]
        ],
        [
          [
            0.93905,
            -0.109358,
            -0.325922
          ],
          [
            0.059712,
            0.98553,
            -0.158638
          ],
          [
            0.338554,
            0.129508,
            0.931992
          ]
        ],
        [
          [
            0.946828,
            -0.010382,
            0.321574
          ],
          [
            0.065127,
            0.984973,
            -0.159957
          ],
          [
            -0.315081,
            0.172395,
            0.933276
          ]
        ],
        [
          [
            0.997111,
            -0.075797,
            0.004879
          ],
          [
            0.075857,
            0.990558,
            -0.114197
          ],
          [
            0.003823,
            0.114238,
            0.993446
          ]
        ],
        [
          [
            0.706754,
            0.435722,
            -0.557355
          ],
          [
            -0.018401,
            0.798882,
            0.601207
          ],
          [
            0.70722,
            -0.414649,
            0.572631
          ]
        ],
        [
          [
            0.709465,
            -0.366226,
            0.602111
          ],
          [
            0.04118,
            0.874456,
            0.483354
          ],
          [
            -0.703537,
            -0.318128,
            0.635477
          ]
        ],
        [
          [
            0.932656,
            0.360694,
            -0.007254
          ],
          [
            -0.360643,
            0.932674,
            0.007455
          ],
          [
            0.009455,
            -0.004336,
            0.999946
          ]
        ],
        [
          [
            0.957717,
            -0.287607,
            -0.007786
          ],
          [
            0.287133,
            0.953718,
            0.089309
          ],
          [
            -0.018261,
            -0.087768,
            0.995974
          ]
        ],
        [
          [
            0.999361,
            0.011698,
            -0.033768
          ],
          [
            -0.012644,
            0.99953,
            -0.027934
          ],
          [
            0.033425,
            0.028343,
            0.999039
          ]
        ],
        [
          [
            0.999184,
            0.017544,
            0.036383
          ],
          [
            -0.014039,
            0.99543,
            -0.094456
          ],
          [
            -0.037874,
            0.093868,
            0.994864
          ]
        ],
        [
          [
            1.0,
            0.0,
            0.0
          ],
          [
            0.0,
            1.0,
            0.0
          ],
          [
            0.0,
            0.0,
            1.0
          ]
        ],
        [
          [
            1.0,
            0.0,
            0.0
          ],
          [
            0.0,
            1.0,
            0.0
          ],
          [
            0.0,
            0.0,
            1.0
          ]
        ]
      ]
    },
    {
      "time_sec": 0.253192,
      "root_offset": [
        -0.011417,
        -0.006494,
        0.003315
      ],
      "local_rotation_matrices": [
        [
          [
            0.999538,
            -0.029784,
            0.006088
          ],
          [
            0.029704,
            0.999477,
            0.012812
          ],
          [
            -0.006467,
            -0.012626,
            0.999899
          ]
        ],
        [
          [
            0.993848,
            -0.108916,
            -0.020065
          ],
          [
            0.10457,
            0.982538,
            -0.153899
          ],
          [
            0.036477,
            0.150854,
            0.987883
          ]
        ],
        [
          [
            0.990512,
            0.134765,
            -0.026898
          ],
          [
            -0.136685,
            0.986398,
            -0.091307
          ],
          [
            0.014227,
            0.094118,
            0.995459
          ]
        ],
        [
          [
            0.99995,
            -0.00999,
            0.001019
          ],
          [
            0.009651,
            0.984151,
            0.177071
          ],
          [
            -0.002772,
            -0.177052,
            0.984198
          ]
        ],
        [
          [
            0.998917,
            0.046447,
            -0.002725
          ],
          [
            -0.045441,
            0.98651,
            0.157268
          ],
          [
            0.009993,
            -0.156974,
            0.987552
          ]
        ],
        [
          [
            0.997,
            -0.076199,
            0.01356
          ],
          [
            0.075173,
            0.995072,
            0.064663
          ],
          [
            -0.01842,
            -0.06345,
            0.997815
          ]
        ],
        [
          [
            0.996754,
            0.074796,
            0.029795
          ],
          [
            -0.056196,
            0.91133,
            -0.407822
          ],
          [
            -0.057656,
            0.404824,
            0.912575
          ]
        ],
        [
          [
            0.997456,
            0.022751,
            -0.067556
          ],
          [
            -0.033241,
            0.986803,
            -0.158478
          ],
          [
            0.063059,
            0.16032,
            0.985049
          ]
        ],
        [
          [
            0.998902,
            -0.046822,
            0.001389
          ],
          [
            0.046624,
            0.990953,
            -0.125854
          ],
          [
            0.004517,
            0.12578,
            0.992048
          ]
        ],
        [
          [
            0.999761,
            0.002544,
            -0.021729
          ],
          [
            0.001241,
            0.985021,
            0.17243
          ],
          [
            0.021843,
            -0.172416,
            0.984782
          ]
        ],
        [
          [
            0.963129,
            0.118584,
            0.241495
          ],
          [
            -0.105423,
            0.992184,
            -0.066753
          ],
          [
            -0.247523,
            0.038832,
            0.968104
          ]
        ],
        [
          [
            0.994725,
            -0.050748,
            -0.089146
          ],
          [
            0.032262,
            0.979726,
            -0.197729
          ],
          [
            0.097372,
            0.19381,
            0.976195
          ]
        ],
        [
          [
            0.997598,
            0.061397,
            -0.032074
          ],
          [
            -0.040753,
            0.894627,
            0.444951
          ],
          [
            0.056013,
            -0.442575,
            0.89498
          ]
        ],
        [
          [
            0.949001,
            -0.102201,
            -0.29825
          ],
          [
            0.061256,
            0.987744,
            -0.143559
          ],
          [
            0.309266,
            0.117968,
            0.94363
          ]
        ],
        [
          [
            0.960102,
            -0.021772,
            0.278801
          ],
          [
            0.06679,
            0.985965,
            -0.15301
          ],
          [
            -0.271557,
            0.165526,
            0.948081
          ]
        ],
        [
          [
            0.997027,
            -0.076648,
            0.007946
          ],
          [
            0.077057,
            0.990961,
            -0.109811
          ],
          [
            0.000543,
            0.110097,
            0.993921
          ]
        ],
        [
          [
            0.693832,
            0.447704,
            -0.564055
          ],
          [
            -0.030757,
            0.80097,
            0.597915
          ],
          [
            0.719479,
            -0.397504,
            0.569509
          ]
        ],
        [
          [
            0.703786,
            -0.368335,
            0.607466
          ],
          [
            0.048418,
            0.877971,
            0.47626
          ],
          [
            -0.70876,
            -0.305773,
            0.635737
          ]
        ],
        [
          [
            0.91813,
            0.396257,
            -0.004276
          ],
          [
            -0.396205,
            0.918113,
            0.009473
          ],
          [
            0.00768,
            -0.007003,
            0.999946
          ]
        ],
        [
          [
            0.95246,
            -0.304463,
            -0.011015
          ],
          [
            0.304242,
            0.948628,
            0.086847
          ],
          [
            -0.015992,
            -0.086069,
            0.996161
          ]
        ],
        [
          [
            0.999339,
            0.012327,
            -0.0342
          ],
          [
            -0.013186,
            0.999601,
            -0.02499
          ],
          [
            0.033878,
            0.025424,
            0.999103
          ]
        ],
        [
          [
            0.999033,
            0.016964,
            0.040573
          ],
          [
            -0.013189,
            0.995713,
            -0.091556
          ],
          [
            -0.041953,
            0.090933,
            0.994973
          ]
        ],
        [
          [
            1.0,
            0.0,
            0.0
          ],
          [
            0.0,
            1.0,
            0.0
          ],
          [
            0.0,
            0.0,
            1.0
          ]
        ],
        [
          [
            1.0,
            0.0,
            0.0
          ],
          [
            0.0,
            1.0,
            0.0
          ],
          [
            0.0,
            0.0,
            1.0
          ]
        ]
      ]
    },
    {
      "time_sec": 0.337589,
      "root_offset": [
        -0.011729,
        -0.009584,
        -0.000481
      ],
      "local_rotation_matrices": [
        [
          [
            0.999865,
            -0.015966,
            0.003749
          ],
          [
            0.015783,
            0.998877,
            0.044683
          ],
          [
            -0.004459,
            -0.044618,
            0.998994
          ]
        ],
        [
          [
            0.996132,
            -0.08387,
            -0.026219
          ],
          [
            0.075101,
            0.967487,
            -0.241512
          ],
          [
            0.045622,
            0.238608,
            0.970044
          ]
        ],
        [
          [
            0.988562,
            0.147783,
            -0.030076
          ],
          [
            -0.150782,
            0.964542,
            -0.216618
          ],
          [
            -0.003003,
            0.218675,
            0.975793
          ]
        ],
        [
          [
            0.999979,
            -0.005692,
            0.003174
          ],
          [
            0.004913,
            0.978388,
            0.206719
          ],
          [
            -0.004283,
            -0.206699,
            0.978395
          ]
        ],
        [
          [
            0.998834,
            0.048277,
            0.000285
          ],
          [
            -0.046799,
            0.966773,
            0.251315
          ],
          [
            0.011857,
            -0.251035,
            0.967905
          ]
        ],
        [
          [
            0.997787,
            -0.066461,
            0.002041
          ],
          [
            0.064289,
            0.972096,
            0.225602
          ],
          [
            -0.016978,
            -0.224972,
            0.974217
          ]
        ],
        [
          [
            0.997082,
            0.062063,
            0.044448
          ],
          [
            -0.038253,
            0.910089,
            -0.412644
          ],
          [
            -0.066062,
            0.409739,
            0.909807
          ]
        ],
        [
          [
            0.997934,
            0.006872,
            -0.063879
          ],
          [
            -0.017135,
            0.986718,
            -0.161537
          ],
          [
            0.061921,
            0.162298,
            0.984797
          ]
        ],
        [
          [
            0.998055,
            -0.058423,
            0.02175
          ],
          [
            0.060803,
            0.989279,
            -0.132779
          ],
          [
            -0.013759,
            0.133843,
            0.990907
          ]
        ],
        [
          [
            0.999752,
            0.002375,
            -0.022132
          ],
          [
            0.001526,
            0.984634,
            0.174624
          ],
          [
            0.022207,
            -0.174615,
            0.984386
          ]
        ],
        [
          [
            0.960457,
            0.139585,
            0.240913
          ],
          [
            -0.121224,
            0.988582,
            -0.089498
          ],
          [
            -0.250655,
            0.056755,
            0.966411
          ]
        ],
        [
          [
            0.991379,
            -0.068216,
            -0.111871
          ],
          [
            0.042471,
            0.974991,
            -0.218149
          ],
          [
            0.123955,
            0.211517,
            0.969482
          ]
        ],
        [
          [
            0.996991,
            0.06546,
            -0.041515
          ],
          [
            -0.041122,
            0.900655,
            0.432585
          ],
          [
            0.065708,
            -0.429577,
            0.900637
          ]
        ],
        [
          [
            0.955957,
            -0.094844,
            -0.277759
          ],
          [
            0.062383,
            0.990385,
            -0.123475
          ],
          [
            0.286799,
            0.100709,
            0.952682
          ]
        ],
        [
          [
            0.963524,
            -0.036113,
            0.265174
          ],
          [
            0.07342,
            0.988506,
            -0.132157
          ],
          [
            -0.257354,
            0.146806,
            0.955101
          ]
        ],
        [
          [
            0.99644,
            -0.082974,
            0.014931
          ],
          [
            0.084096,
            0.990751,
            -0.106495
          ],
          [
            -0.005957,
            0.107372,
            0.994201
          ]
        ],
        [
          [
            0.682723,
            0.452159,
            -0.57397
          ],
          [
            -0.037273,
            0.80606,
            0.590659
          ],
          [
            0.729726,
            -0.381862,
            0.567169
          ]
        ],
        [
          [
            0.700993,
            -0.34922,
            0.621815
          ],
          [
            0.040122,
            0.889836,
            0.454514
          ],
          [
            -0.712038,
            -0.293663,
            0.63778
          ]
        ],
        [
          [
            0.905246,
            0.424888,
            -7.8e-05
          ],
          [
            -0.424798,
            0.905058,
            0.020412
          ],
          [
            0.008743,
            -0.018444,
            0.999792
          ]
        ],
        [
          [
            0.94699,
            -0.320942,
            -0.014361
          ],
          [
            0.32099,
            0.943398,
            0.083461
          ],
          [
            -0.013238,
            -0.083646,
            0.996408
          ]
        ],
        [
          [
            0.999291,
            0.0149,
            -0.034589
          ],
          [
            -0.015754,
            0.999574,
            -0.02455
          ],
          [
            0.034208,
            0.025077,
            0.9991
          ]
        ],
        [
          [
            0.999014,
            0.016317,
            0.041292
          ],
          [
            -0.012625,
            0.996027,
            -0.08815
          ],
          [
            -0.042566,
            0.087542,
            0.995251
          ]
        ],
        [
          [
            1.0,
            0.0,
            0.0
          ],
          [
            0.0,
            1.0,
            0.0
          ],
          [
            0.0,
            0.0,
            1.0
          ]
        ],
        [
          [
            1.0,
            0.0,
            0.0
          ],
          [
            0.0,
            1.0,
            0.0
          ],
          [
            0.0,
            0.0,
            1.0
          ]
        ]
      ]
    },
    {
      "time_sec": 0.421986,
      "root_offset": [
        -0.011989,
        -0.022051,
        -0.047754
      ],
      "local_rotation_matrices": [
        [
          [
            0.999998,
            0.001752,
            0.000231
          ],
          [
            -0.001765,
            0.995749,
            0.092086
          ],
          [
            -6.9e-05,
            -0.092087,
            0.995751
          ]
        ],
        [
          [
            0.998337,
            -0.040936,
            -0.040598
          ],
          [
            0.013068,
            0.846512,
            -0.53221
          ],
          [
            0.056153,
            0.530794,
            0.845639
          ]
        ],
        [
          [
            0.986747,
            0.15337,
            -0.052987
          ],
          [
            -0.158191,
            0.836528,
            -0.524591
          ],
          [
            -0.036132,
            0.526021,
            0.849704
          ]
        ],
        [
          [
            0.999942,
            0.001616,
            0.010613
          ],
          [
            -0.004863,
            0.949522,
            0.313663
          ],
          [
            -0.009571,
            -0.313697,
            0.949475
          ]
        ],
        [
          [
            0.998778,
            0.048055,
            0.011528
          ],
          [
            -0.043704,
            0.750017,
            0.659974
          ],
          [
            0.023069,
            -0.659671,
            0.7512
          ]
        ],
        [
          [
            0.999415,
            -0.030823,
            -0.014836
          ],
          [
            0.032858,
            0.744388,
            0.666938
          ],
          [
            -0.009513,
            -0.667035,
            0.744966
          ]
        ],
        [
          [
            0.997069,
            0.03727,
            0.066814
          ],
          [
            -0.00315,
            0.892574,
            -0.450891
          ],
          [
            -0.076441,
            0.449359,
            0.890075
          ]
        ],
        [
          [
            0.99819,
            -0.039753,
            -0.045118
          ],
          [
            0.025525,
            0.95947,
            -0.280652
          ],
          [
            0.054446,
            0.278993,
            0.958748
          ]
        ],
        [
          [
            0.997214,
            -0.059536,
            0.044942
          ],
          [
            0.069151,
            0.963751,
            -0.257686
          ],
          [
            -0.027972,
            0.260076,
            0.965183
          ]
        ],
        [
          [
            0.999674,
            0.005988,
            -0.024803
          ],
          [
            -0.001768,
            0.985988,
            0.166807
          ],
          [
            0.025455,
            -0.166709,
            0.985678
          ]
        ],
        [
          [
            0.950716,
            0.198139,
            0.238494
          ],
          [
            -0.164929,
