{
  "format": "gf5_keyframed_motion",
  "version": 1,
  "name": "Jumping jacks",
  "profile_name": "course_body_24",
  "joint_order": [
    "pelvis",
    "left_hip",
    "right_hip",
    "spine1",
    "left_knee",
    "right_knee",
    "spine2",
    "left_ankle",
    "right_ankle",
    "spine3",
    "left_foot",
    "right_foot",
    "neck",
    "left_collar",
    "right_collar",
    "head",
    "left_shoulder",
    "right_shoulder",
    "left_elbow",
    "right_elbow",
    "left_wrist",
    "right_wrist",
    "left_hand",
    "right_hand"
  ],
  "coordinate_convention": {
    "name": "gf5_viewer_body",
    "up_axis": [
      0.0,
      0.0,
      1.0
    ],
    "forward_axis": [
      0.0,
      1.0,
      0.0
    ],
    "anatomical_right_axis": [
      1.0,
      0.0,
      0.0
    ],
    "native_smpl_to_viewer": "viewer=(-native_x, native_z, native_y)"
  },
  "duration_sec": 3.966667,
  "exported_at": "2026-05-13T23:48:15",
  "source_asset_name": null,
  "source_motion": {
    "format": "amass_npz",
    "path": "staff_tools/motion_fallback/packs/hy_motion_palette/clips/jumping_jacks_01.npz",
    "frame_rate": 30.0,
    "frame_count": 120,
    "pose_source": "poses",
    "translation_source": "trans",
    "start_sec": 0.0,
    "end_sec": 3.966667,
    "sample_fps": 12.0,
    "manifest": "staff_tools/motion_fallback/packs/hy_motion_palette/manifest.json"
  },
  "keyframes": [
    {
      "time_sec": 0.0,
      "root_offset": [
        0.0,
        0.0,
        0.0
      ],
      "local_rotation_matrices": [
        [
          [
            0.994117,
            0.097356,
            -0.047465
          ],
          [
            -0.097861,
            0.995164,
            -0.00843
          ],
          [
            0.046414,
            0.013026,
            0.998837
          ]
        ],
        [
          [
            0.940497,
            -0.321441,
            0.110188
          ],
          [
            0.33113,
            0.939763,
            -0.08484
          ],
          [
            -0.076279,
            0.116278,
            0.990283
          ]
        ],
        [
          [
            0.987413,
            0.155964,
            0.026267
          ],
          [
            -0.155378,
            0.987586,
            -0.023075
          ],
          [
            -0.029539,
            0.018704,
            0.999389
          ]
        ],
        [
          [
            0.998237,
            -0.015533,
            0.057288
          ],
          [
            0.012295,
            0.998329,
            0.056455
          ],
          [
            -0.05807,
            -0.055651,
            0.99676
          ]
        ],
        [
          [
            0.995282,
            0.096584,
            -0.009256
          ],
          [
            -0.092805,
            0.975466,
            0.199631
          ],
          [
            0.02831,
            -0.19783,
            0.979827
          ]
        ],
        [
          [
            0.997423,
            -0.071432,
            0.006691
          ],
          [
            0.070981,
            0.996076,
            0.052859
          ],
          [
            -0.010441,
            -0.052248,
            0.99858
          ]
        ],
        [
          [
            0.987688,
            -0.154544,
            0.024261
          ],
          [
            0.156128,
            0.964077,
            -0.214892
          ],
          [
            0.009821,
            0.216034,
            0.976336
          ]
        ],
        [
          [
            0.998816,
            0.046242,
            -0.015128
          ],
          [
            -0.047585,
            0.993271,
            -0.105588
          ],
          [
            0.010143,
            0.106183,
            0.994295
          ]
        ],
        [
          [
            0.9833,
            -0.019662,
            0.180925
          ],
          [
            0.04283,
            0.991225,
            -0.125057
          ],
          [
            -0.176879,
            0.130718,
            0.975514
          ]
        ],
        [
          [
            0.999692,
            -0.00391,
            0.024495
          ],
          [
            0.000438,
            0.990125,
            0.140186
          ],
          [
            -0.024802,
            -0.140133,
            0.989822
          ]
        ],
        [
          [
            0.991919,
            0.094123,
            0.085071
          ],
          [
            -0.055436,
            0.924677,
            -0.376696
          ],
          [
            -0.114119,
            0.368936,
            0.922423
          ]
        ],
        [
          [
            0.898392,
            -0.174392,
            -0.403088
          ],
          [
            0.19108,
            0.981574,
            0.001205
          ],
          [
            0.39545,
            -0.078105,
            0.915161
          ]
        ],
        [
          [
            0.97821,
            -0.104136,
            0.179612
          ],
          [
            0.020024,
            0.908402,
            0.417618
          ],
          [
            -0.206649,
            -0.404921,
            0.890693
          ]
        ],
        [
          [
            0.95511,
            0.018287,
            -0.295685
          ],
          [
            -0.063685,
            0.987432,
            -0.144643
          ],
          [
            0.289324,
            0.15698,
            0.944272
          ]
        ],
        [
          [
            0.952414,
            0.132122,
            0.274683
          ],
          [
            -0.095866,
            0.985283,
            -0.141519
          ],
          [
            -0.289338,
            0.108452,
            0.951063
          ]
        ],
        [
          [
            0.988397,
            0.112824,
            -0.101697
          ],
          [
            -0.122265,
            0.988229,
            -0.091944
          ],
          [
            0.090126,
            0.103311,
            0.990557
          ]
        ],
        [
          [
            0.519271,
            0.012364,
            -0.85452
          ],
          [
            0.078791,
            0.994944,
            0.062275
          ],
          [
            0.85097,
            -0.099666,
            0.515672
          ]
        ],
        [
          [
            0.563193,
            -0.135934,
            0.815068
          ],
          [
            -0.008525,
            0.985368,
            0.170226
          ],
          [
            -0.826282,
            -0.102819,
            0.553793
          ]
        ],
        [
          [
            0.977473,
            0.205044,
            0.050032
          ],
          [
            -0.209271,
            0.97236,
            0.103541
          ],
          [
            -0.027419,
            -0.111679,
            0.993366
          ]
        ],
        [
          [
            0.985866,
            -0.167425,
            -0.006016
          ],
          [
            0.167383,
            0.985867,
            -0.006963
          ],
          [
            0.007096,
            0.005858,
            0.999958
          ]
        ],
        [
          [
            0.998493,
            -0.023505,
            -0.0496
          ],
          [
            0.017975,
            0.993866,
            -0.109123
          ],
          [
            0.05186,
            0.108067,
            0.99279
          ]
        ],
        [
          [
            0.9993,
            0.019037,
            0.032202
          ],
          [
            -0.01878,
            0.999789,
            -0.008281
          ],
          [
            -0.032353,
            0.007671,
            0.999447
          ]
        ],
        [
          [
            1.0,
            0.0,
            0.0
          ],
          [
            0.0,
            1.0,
            0.0
          ],
          [
            0.0,
            0.0,
            1.0
          ]
        ],
        [
          [
            1.0,
            0.0,
            0.0
          ],
          [
            0.0,
            1.0,
            0.0
          ],
          [
            0.0,
            0.0,
            1.0
          ]
        ]
      ]
    },
    {
      "time_sec": 0.084397,
      "root_offset": [
        -0.00237,
        0.006602,
        -0.00135
      ],
      "local_rotation_matrices": [
        [
          [
            0.995349,
            0.083297,
            -0.048397
          ],
          [
            -0.084031,
            0.996374,
            -0.01333
          ],
          [
            0.047111,
            0.017335,
            0.998739
          ]
        ],
        [
          [
            0.952035,
            -0.289655,
            0.098643
          ],
          [
            0.296426,
            0.953009,
            -0.062488
          ],
          [
            -0.075907,
            0.088731,
            0.993159
          ]
        ],
        [
          [
            0.988781,
            0.146087,
            0.031161
          ],
          [
            -0.145916,
            0.989267,
            -0.00772
          ],
          [
            -0.031954,
            0.003086,
            0.999485
          ]
        ],
        [
          [
            0.998205,
            -0.014646,
            0.058076
          ],
          [
            0.011145,
            0.998127,
            0.060152
          ],
          [
            -0.058848,
            -0.059397,
            0.996498
          ]
        ],
        [
          [
            0.994971,
            0.099486,
            -0.0116
          ],
          [
            -0.096001,
            0.980264,
            0.17282
          ],
          [
            0.028564,
            -0.170837,
            0.984885
          ]
        ],
        [
          [
            0.997492,
            -0.070394,
            0.007329
          ],
          [
            0.070005,
            0.996572,
            0.044088
          ],
          [
            -0.010408,
            -0.043465,
            0.999001
          ]
        ],
        [
          [
            0.988298,
            -0.150862,
            0.022553
          ],
          [
            0.152122,
            0.963857,
            -0.218719
          ],
          [
            0.011258,
            0.21959,
            0.975527
          ]
        ],
        [
          [
            0.999255,
            0.037771,
            -0.007959
          ],
          [
            -0.038395,
            0.993825,
            -0.104108
          ],
          [
            0.003977,
            0.104336,
            0.994534
          ]
        ],
        [
          [
            0.983885,
            -0.015959,
            0.178091
          ],
          [
            0.038079,
            0.991862,
            -0.121491
          ],
          [
            -0.174703,
            0.126315,
            0.976485
          ]
        ],
        [
          [
            0.999688,
            -0.003888,
            0.024662
          ],
          [
            0.000345,
            0.989856,
            0.142076
          ],
          [
            -0.024964,
            -0.142024,
            0.989548
          ]
        ],
        [
          [
            0.99277,
            0.090658,
            0.078671
          ],
          [
            -0.054883,
            0.925725,
            -0.374193
          ],
          [
            -0.106751,
            0.36717,
            0.924008
          ]
        ],
        [
          [
            0.898996,
            -0.17156,
            -0.402956
          ],
          [
            0.18971,
            0.981826,
            0.005228
          ],
          [
            0.394736,
            -0.081145,
            0.915204
          ]
        ],
        [
          [
            0.978653,
            -0.102387,
            0.178198
          ],
          [
            0.018533,
            0.907501,
            0.41964
          ],
          [
            -0.20468,
            -0.40738,
            0.890027
          ]
        ],
        [
          [
            0.952608,
            0.01883,
            -0.303616
          ],
          [
            -0.067606,
            0.986226,
            -0.150953
          ],
          [
            0.296592,
            0.164326,
            0.940761
          ]
        ],
        [
          [
            0.94934,
            0.131572,
            0.28538
          ],
          [
            -0.093494,
            0.985263,
            -0.14323
          ],
          [
            -0.30002,
            0.109293,
            0.947651
          ]
        ],
        [
          [
            0.988985,
            0.109747,
            -0.099314
          ],
          [
            -0.119053,
            0.988504,
            -0.093199
          ],
          [
            0.087944,
            0.103996,
            0.990682
          ]
        ],
        [
          [
            0.525636,
            0.012963,
            -0.850611
          ],
          [
            0.075322,
            0.995248,
            0.061713
          ],
          [
            0.847369,
            -0.096509,
            0.522161
          ]
        ],
        [
          [
            0.570905,
            -0.140278,
            0.808943
          ],
          [
            -0.008514,
            0.984231,
            0.176683
          ],
          [
            -0.820972,
            -0.107757,
            0.560708
          ]
        ],
        [
          [
            0.978194,
            0.202272,
            0.047135
          ],
          [
            -0.206081,
            0.97349,
            0.099235
          ],
          [
            -0.025813,
            -0.106785,
            0.993947
          ]
        ],
        [
          [
            0.98537,
            -0.170412,
            -0.002499
          ],
          [
            0.170364,
            0.985291,
            -0.013363
          ],
          [
            0.00474,
            0.012742,
            0.999908
          ]
        ],
        [
          [
            0.998554,
            -0.021358,
            -0.049326
          ],
          [
            0.015852,
            0.993868,
            -0.109434
          ],
          [
            0.05136,
            0.108493,
            0.992769
          ]
        ],
        [
          [
            0.999254,
            0.018425,
            0.033929
          ],
          [
            -0.018297,
            0.999824,
            -0.004101
          ],
          [
            -0.033999,
            0.003477,
            0.999416
          ]
        ],
        [
          [
            1.0,
            0.0,
            0.0
          ],
          [
            0.0,
            1.0,
            0.0
          ],
          [
            0.0,
            0.0,
            1.0
          ]
        ],
        [
          [
            1.0,
            0.0,
            0.0
          ],
          [
            0.0,
            1.0,
            0.0
          ],
          [
            0.0,
            0.0,
            1.0
          ]
        ]
      ]
    },
    {
      "time_sec": 0.168794,
      "root_offset": [
        -0.002583,
        0.014852,
        0.000805
      ],
      "local_rotation_matrices": [
        [
          [
            0.996142,
            0.072347,
            -0.049678
          ],
          [
            -0.073533,
            0.997039,
            -0.022475
          ],
          [
            0.047905,
            0.026041,
            0.998512
          ]
        ],
        [
          [
            0.962308,
            -0.254515,
            0.095843
          ],
          [
            0.261147,
            0.963151,
            -0.064354
          ],
          [
            -0.075932,
            0.086958,
            0.993314
          ]
        ],
        [
          [
            0.991399,
            0.126182,
            0.034739
          ],
          [
            -0.125429,
            0.991835,
            -0.02306
          ],
          [
            -0.037365,
            0.018505,
            0.99913
          ]
        ],
        [
          [
            0.99817,
            -0.015097,
            0.058562
          ],
          [
            0.01099,
            0.997498,
            0.069833
          ],
          [
            -0.05947,
            -0.069062,
            0.995838
          ]
        ],
        [
          [
            0.994959,
            0.099843,
            -0.009344
          ],
          [
            -0.095855,
            0.974298,
            0.20385
          ],
          [
            0.029457,
            -0.201926,
            0.978958
          ]
        ],
        [
          [
            0.9973,
            -0.073265,
            0.00502
          ],
          [
            0.072359,
            0.992035,
            0.103109
          ],
          [
            -0.012534,
            -0.102467,
            0.994657
          ]
        ],
        [
          [
            0.988661,
            -0.148711,
            0.020843
          ],
          [
            0.14959,
            0.963204,
            -0.223295
          ],
          [
            0.01313,
            0.223881,
            0.974528
          ]
        ],
        [
          [
            0.99957,
            0.025271,
            -0.014888
          ],
          [
            -0.026838,
            0.992804,
            -0.116705
          ],
          [
            0.011832,
            0.117054,
            0.993055
          ]
        ],
        [
          [
            0.984956,
            -0.002621,
            0.172783
          ],
          [
            0.025772,
            0.990931,
            -0.13188
          ],
          [
            -0.17087,
            0.134349,
            0.976091
          ]
        ],
        [
          [
            0.999696,
            -0.004037,
            0.024332
          ],
          [
            0.000394,
            0.989004,
            0.147889
          ],
          [
            -0.024662,
            -0.147834,
            0.988705
          ]
        ],
        [
          [
            0.989987,
            0.101651,
            0.097945
          ],
          [
            -0.057232,
            0.923311,
            -0.379765
          ],
          [
            -0.129038,
            0.370357,
            0.919883
          ]
        ],
        [
          [
            0.896029,
            -0.181036,
            -0.40541
          ],
          [
            0.191188,
            0.981428,
            -0.015696
          ],
          [
            0.400723,
            -0.063446,
            0.914
          ]
        ],
        [
          [
            0.978651,
            -0.101733,
            0.178584
          ],
          [
            0.01702,
            0.906032,
            0.422867
          ],
          [
            -0.204822,
            -0.4108,
            0.888421
          ]
        ],
        [
          [
            0.948464,
            0.019521,
            -0.316283
          ],
          [
            -0.075863,
            0.983065,
            -0.166819
          ],
          [
            0.30767,
            0.182216,
            0.933882
          ]
        ],
        [
          [
            0.945483,
            0.131716,
            0.297848
          ],
          [
            -0.089281,
            0.984356,
            -0.151896
          ],
          [
            -0.313196,
            0.117023,
            0.942451
          ]
        ],
        [
          [
            0.989292,
            0.10797,
            -0.098201
          ],
          [
            -0.117214,
            0.988666,
            -0.093812
          ],
          [
            0.086959,
            0.104318,
            0.990735
          ]
        ],
        [
          [
            0.537836,
            0.008149,
            -0.84301
          ],
          [
            0.073848,
            0.995654,
            0.056739
          ],
          [
            0.839809,
            -0.092771,
            0.534897
          ]
        ],
        [
          [
            0.585091,
            -0.143519,
            0.798168
          ],
          [
            -0.004384,
            0.983642,
            0.180083
          ],
          [
            -0.810956,
            -0.108864,
            0.57489
          ]
        ],
        [
          [
            0.979157,
            0.198005,
            0.04523
          ],
          [
            -0.201514,
            0.974914,
            0.094528
          ],
          [
            -0.025379,
            -0.101672,
            0.994494
          ]
        ],
        [
          [
            0.984965,
            -0.172748,
            0.001108
          ],
          [
            0.172746,
            0.98486,
            -0.014504
          ],
          [
            0.001415,
            0.014477,
            0.999894
          ]
        ],
        [
          [
            0.998581,
            -0.019709,
            -0.049463
          ],
          [
            0.014227,
            0.993958,
            -0.108834
          ],
          [
            0.051309,
            0.107976,
            0.992829
          ]
        ],
        [
          [
            0.999257,
            0.018283,
            0.033936
          ],
          [
            -0.018158,
            0.999827,
            -0.003973
          ],
          [
            -0.034003,
            0.003354,
            0.999416
          ]
        ],
        [
          [
            1.0,
            0.0,
            0.0
          ],
          [
            0.0,
            1.0,
            0.0
          ],
          [
            0.0,
            0.0,
            1.0
          ]
        ],
        [
          [
            1.0,
            0.0,
            0.0
          ],
          [
            0.0,
            1.0,
            0.0
          ],
          [
            0.0,
            0.0,
            1.0
          ]
        ]
      ]
    },
    {
      "time_sec": 0.253192,
      "root_offset": [
        0.001423,
        0.019958,
        -0.036319
      ],
      "local_rotation_matrices": [
        [
          [
            0.995851,
            0.076534,
            -0.049234
          ],
          [
            -0.07971,
            0.994619,
            -0.066168
          ],
          [
            0.043905,
            0.069818,
            0.996593
          ]
        ],
        [
          [
            0.972387,
            -0.203649,
            0.113972
          ],
          [
            0.223543,
            0.953044,
            -0.204294
          ],
          [
            -0.067016,
            0.22413,
            0.972252
          ]
        ],
        [
          [
            0.996656,
            0.073073,
            0.036553
          ],
          [
            -0.063053,
            0.972387,
            -0.224696
          ],
          [
            -0.051963,
            0.22164,
            0.973743
          ]
        ],
        [
          [
            0.998319,
            -0.02266,
            0.05334
          ],
          [
            0.015032,
            0.990137,
            0.139296
          ],
          [
            -0.05597,
            -0.13826,
            0.988813
          ]
        ],
        [
          [
            0.996705,
            0.079972,
            0.013528
          ],
          [
            -0.073617,
            0.821959,
            0.564769
          ],
          [
            0.034047,
            -0.563904,
            0.825138
          ]
        ],
        [
          [
            0.996712,
            -0.080277,
            -0.011009
          ],
          [
            0.073317,
            0.835646,
            0.544353
          ],
          [
            -0.034499,
            -0.54337,
            0.838784
          ]
        ],
        [
          [
            0.986845,
            -0.160355,
            0.020596
          ],
          [
            0.160636,
            0.958133,
            -0.237017
          ],
          [
            0.018273,
            0.237207,
            0.971287
          ]
        ],
        [
          [
            0.997749,
            -0.006355,
            -0.066756
          ],
          [
            -0.008408,
            0.975786,
            -0.218565
          ],
          [
            0.066528,
            0.218634,
            0.973536
          ]
        ],
        [
          [
            0.988185,
            0.050803,
            0.144604
          ],
          [
            -0.015885,
            0.972336,
            -0.233047
          ],
          [
            -0.152443,
            0.227996,
            0.961654
          ]
        ],
        [
          [
            0.999724,
            -0.006468,
            0.022569
          ],
          [
            0.002533,
            0.985401,
            0.170232
          ],
          [
            -0.02334,
            -0.170128,
            0.985146
          ]
        ],
        [
          [
            0.961475,
            0.184097,
            0.204144
          ],
          [
            -0.085122,
            0.905517,
            -0.415684
          ],
          [
            -0.261382,
            0.382293,
            0.886302
          ]
        ],
        [
          [
            0.893406,
            -0.245532,
            -0.376217
          ],
          [
            0.20754,
            0.968288,
            -0.139091
          ],
          [
            0.398438,
            0.046185,
            0.916032
          ]
        ],
        [
          [
            0.974107,
            -0.118205,
            0.192726
          ],
          [
            0.023518,
            0.900791,
            0.433616
          ],
          [
            -0.224862,
            -0.417856,
            0.880246
          ]
        ],
        [
          [
            0.934652,
            0.023997,
            -0.354754
          ],
          [
            -0.107945,
            0.969781,
            -0.218798
          ],
          [
            0.338783,
            0.242794,
            0.908998
          ]
        ],
        [
          [
            0.935488,
            0.132981,
            0.32738
          ],
          [
            -0.070243,
            0.977978,
            -0.196533
          ],
          [
            -0.346306,
            0.160858,
            0.924228
          ]
        ],
        [
          [
            0.986766,
            0.118205,
            -0.110998
          ],
          [
            -0.128506,
            0.987549,
            -0.090733
          ],
          [
            0.098891,
            0.103796,
            0.98967
          ]
        ],
        [
          [
            0.620826,
            -0.066305,
            -0.781139
          ],
          [
            0.106524,
            0.99431,
            0.000262
          ],
          [
            0.776677,
            -0.083373,
            0.624357
          ]
        ],
        [
          [
            0.661883,
            -0.094328,
            0.743649
          ],
          [
            0.000971,
            0.992158,
            0.124986
          ],
          [
            -0.749607,
            -0.082004,
            0.656784
          ]
        ],
        [
          [
            0.982955,
            0.180887,
            0.032845
          ],
          [
            -0.182563,
            0.981458,
            0.058398
          ],
          [
            -0.021673,
            -0.063399,
            0.997753
          ]
        ],
        [
          [
            0.987481,
            -0.157562,
            0.007415
          ],
          [
            0.15756,
            0.987509,
            0.000883
          ],
          [
            -0.007461,
            0.000297,
            0.999972
          ]
        ],
        [
          [
            0.998533,
            -0.01801,
            -0.051056
          ],
          [
            0.013245,
            0.995656,
            -0.092164
          ],
          [
            0.052494,
            0.091353,
            0.994434
          ]
        ],
        [
          [
            0.999371,
            0.018014,
            0.030563
          ],
          [
            -0.017606,
            0.999753,
            -0.01356
          ],
          [
            -0.0308,
            0.013014,
            0.999441
          ]
        ],
        [
          [
            1.0,
            0.0,
            0.0
          ],
          [
            0.0,
            1.0,
            0.0
          ],
          [
            0.0,
            0.0,
            1.0
          ]
        ],
        [
          [
            1.0,
            0.0,
            0.0
          ],
          [
            0.0,
            1.0,
            0.0
          ],
          [
            0.0,
            0.0,
            1.0
          ]
        ]
      ]
    },
    {
      "time_sec": 0.337589,
      "root_offset": [
        0.005101,
        0.01615,
        -0.094698
      ],
      "local_rotation_matrices": [
        [
          [
            0.993636,
            0.101876,
            -0.048039
          ],
          [
            -0.106534,
            0.988513,
            -0.107203
          ],
          [
            0.036566,
            0.111639,
            0.993076
          ]
        ],
        [
          [
            0.967443,
            -0.210463,
            0.140567
          ],
          [
            0.246115,
            0.911817,
            -0.328658
          ],
          [
            -0.059001,
            0.352554,
            0.93393
          ]
        ],
        [
          [
            0.997598,
            0.063232,
            0.028278
          ],
          [
            -0.047279,
            0.919946,
            -0.389183
          ],
          [
            -0.050623,
            0.386911,
            0.920726
          ]
        ],
        [
          [
            0.998507,
            -0.029643,
            0.04589
          ],
          [
            0.019145,
            0.976592,
            0.214248
          ],
          [
            -0.051167,
            -0.213049,
            0.975701
          ]
        ],
        [
          [
            0.998283,
            0.052946,
            0.025075
          ],
          [
            -0.051136,
            0.578694,
            0.81394
          ],
          [
            0.028584,
            -0.813824,
            0.580407
          ]
        ],
        [
          [
            0.99715,
            -0.073192,
            -0.018313
          ],
          [
            0.057197,
            0.575046,
            0.816119
          ],
          [
            -0.049203,
            -0.814841,
            0.577593
          ]
        ],
        [
          [
            0.983573,
            -0.179788,
            0.016153
          ],
          [
            0.178171,
            0.952555,
            -0.246768
          ],
          [
            0.028979,
            0.245592,
            0.96894
          ]
        ],
        [
          [
            0.996236,
            -0.016921,
            -0.08502
          ],
          [
            -0.012738,
            0.941543,
            -0.336653
          ],
          [
            0.085746,
            0.336468,
            0.937783
          ]
        ],
        [
          [
            0.992276,
            0.064253,
            0.106115
          ],
          [
            -0.026112,
            0.944429,
            -0.327678
          ],
          [
            -0.121272,
            0.322376,
            0.938811
          ]
        ],
        [
          [
            0.999641,
            -0.009971,
            0.024883
          ],
          [
            0.005169,
            0.982528,
            0.186043
          ],
          [
            -0.026303,
            -0.185847,
            0.982227
          ]
        ],
        [
          [
            0.943168,
            0.229144,
            0.240682
          ],
          [
            -0.112318,
            0.901439,
            -0.418081
          ],
          [
            -0.312761,
            0.367287,
            0.875946
          ]
        ],
        [
          [
            0.915173,
            -0.265928,
            -0.302888
          ],
          [
            0.209119,
            0.955684,
            -0.207216
          ],
          [
            0.34457,
            0.126299,
            0.930226
          ]
        ],
        [
          [
            0.972355,
            -0.124787,
            0.197368
          ],
          [
            0.025128,
            0.89624,
            0.442856
          ],
          [
            -0.232152,
            -0.425654,
            0.8746
          ]
        ],
        [
          [
            0.937555,
            0.033208,
            -0.346247
          ],
          [
            -0.137261,
            0.949971,
            -0.28056
          ],
          [
            0.319608,
            0.310566,
            0.895209
          ]
        ],
        [
          [
            0.937362,
            0.129549,
            0.323372
          ],
          [
            -0.044238,
            0.965031,
            -0.258377
          ],
          [
            -0.345537,
            0.227888,
            0.910314
          ]
        ],
        [
          [
            0.986252,
            0.121464,
            -0.112041
          ],
          [
            -0.131663,
            0.987326,
            -0.088617
          ],
          [
            0.099858,
            0.10215,
            0.989744
          ]
        ],
        [
          [
            0.730604,
            -0.174474,
            -0.660134
          ],
          [
            0.17273,
            0.982582,
            -0.068527
          ],
          [
            0.660592,
            -0.063959,
            0.748015
          ]
        ],
        [
          [
            0.766322,
            -0.005673,
            0.642432
          ],
          [
            -0.014066,
            0.999573,
            0.025605
          ],
          [
            -0.642303,
            -0.028659,
            0.765915
          ]
        ],
        [
          [
            0.988061,
            0.153534,
            0.012732
          ],
          [
            -0.153177,
            0.987872,
            -0.025418
          ],
          [
            -0.01648,
            0.023164,
            0.999596
          ]
        ],
        [
          [
            0.992085,
            -0.124841,
            0.013513
          ],
          [
            0.12506,
            0.992006,
            -0.016848
          ],
          [
            -0.011302,
            0.018405,
            0.999767
          ]
        ],
        [
          [
            0.998284,
            -0.020957,
            -0.054687
          ],
          [
            0.018157,
            0.998523,
            -0.051212
          ],
          [
            0.05568,
            0.050131,
            0.997189
          ]
        ],
        [
          [
            0.999531,
            0.017613,
            0.025045
          ],
          [
            -0.017507,
            0.999837,
            -0.004434
          ],
          [
            -0.025119,
            0.003993,
            0.999676
          ]
        ],
        [
          [
            1.0,
            0.0,
            0.0
          ],
          [
            0.0,
            1.0,
            0.0
          ],
          [
            0.0,
            0.0,
            1.0
          ]
        ],
        [
          [
            1.0,
            0.0,
            0.0
          ],
          [
            0.0,
            1.0,
            0.0
          ],
          [
            0.0,
            0.0,
            1.0
          ]
        ]
      ]
    },
    {
      "time_sec": 0.421986,
      "root_offset": [
        0.000889,
        0.024356,
        -0.049588
      ],
      "local_rotation_matrices": [
        [
          [
            0.989486,
            0.138264,
            -0.042441
          ],
          [
            -0.141189,
            0.98705,
            -0.076139
          ],
          [
            0.031364,
            0.08133,
            0.996194
          ]
        ],
        [
          [
            0.942285,
            -0.305757,
            0.136424
          ],
          [
            0.330063,
            0.916695,
            -0.22523
          ],
          [
            -0.056193,
            0.257259,
            0.964707
          ]
        ],
        [
          [
            0.995454,
            0.094942,
            -0.007573
          ],
          [
            -0.092781,
            0.94868,
            -0.302321
          ],
          [
            -0.021519,
            0.30165,
            0.953176
          ]
        ],
        [
          [
            0.997777,
            -0.025694,
            0.061493
          ],
          [
            0.018034,
            0.992362,
            0.122034
          ],
          [
            -0.064159,
            -0.120654,
            0.990619
          ]
        ],
        [
          [
            0.998693,
            0.046603,
            0.020992
          ],
          [
            -0.048866,
            0.75013,
            0.659482
          ],
          [
            0.014987,
            -0.659646,
            0.751427
          ]
        ],
        [
          [
            0.998265,
            -0.058078,
            -0.00968
          ],
          [
            0.050362,
            0.75707,
            0.65139
          ],
          [
            -0.030503,
            -0.650747,
            0.758682
          ]
        ],
        [
          [
            0.980443,
            -0.196652,
            0.00765
          ],
          [
            0.193813,
            0.958082,
            -0.210987
          ],
          [
            0.034162,
            0.208343,
            0.977459
          ]
        ],
        [
          [
            0.998099,
            0.013599,
            -0.060105
          ],
          [
            -0.025463,
            0.979202,
            -0.201285
          ],
          [
            0.056118,
            0.202433,
            0.977687
          ]
        ],
        [
          [
            0.99653,
            -0.015135,
            0.081846
          ],
          [
            0.028316,
            0.986321,
            -0.162384
          ],
          [
            -0.078269,
            0.164138,
            0.983327
          ]
        ],
        [
          [
            0.999174,
            -0.016919,
            0.036957
          ],
          [
            0.009453,
            0.981043,
            0.193561
          ],
          [
            -0.039531,
            -0.193051,
            0.980392
          ]
        ],
        [
          [
            0.967925,
            0.127741,
            0.216342
          ],
          [
            -0.051601,
