{
  "format": "gf5_keyframed_motion",
  "version": 1,
  "name": "Squat and stand",
  "profile_name": "course_body_24",
  "joint_order": [
    "pelvis",
    "left_hip",
    "right_hip",
    "spine1",
    "left_knee",
    "right_knee",
    "spine2",
    "left_ankle",
    "right_ankle",
    "spine3",
    "left_foot",
    "right_foot",
    "neck",
    "left_collar",
    "right_collar",
    "head",
    "left_shoulder",
    "right_shoulder",
    "left_elbow",
    "right_elbow",
    "left_wrist",
    "right_wrist",
    "left_hand",
    "right_hand"
  ],
  "coordinate_convention": {
    "name": "gf5_viewer_body",
    "up_axis": [
      0.0,
      0.0,
      1.0
    ],
    "forward_axis": [
      0.0,
      1.0,
      0.0
    ],
    "anatomical_right_axis": [
      1.0,
      0.0,
      0.0
    ],
    "native_smpl_to_viewer": "viewer=(-native_x, native_z, native_y)"
  },
  "duration_sec": 3.966667,
  "exported_at": "2026-05-13T23:48:15",
  "source_asset_name": null,
  "source_motion": {
    "format": "amass_npz",
    "path": "staff_tools/motion_fallback/packs/hy_motion_palette/clips/squat_stand_01.npz",
    "frame_rate": 30.0,
    "frame_count": 120,
    "pose_source": "poses",
    "translation_source": "trans",
    "start_sec": 0.0,
    "end_sec": 3.966667,
    "sample_fps": 12.0,
    "manifest": "staff_tools/motion_fallback/packs/hy_motion_palette/manifest.json"
  },
  "keyframes": [
    {
      "time_sec": 0.0,
      "root_offset": [
        0.0,
        0.0,
        0.0
      ],
      "local_rotation_matrices": [
        [
          [
            0.998879,
            -0.03319,
            -0.033748
          ],
          [
            0.030987,
            0.99748,
            -0.063826
          ],
          [
            0.035781,
            0.062708,
            0.99739
          ]
        ],
        [
          [
            0.956639,
            -0.226457,
            0.183191
          ],
          [
            0.251251,
            0.959731,
            -0.125654
          ],
          [
            -0.147359,
            0.166233,
            0.975014
          ]
        ],
        [
          [
            0.895378,
            0.416898,
            -0.156507
          ],
          [
            -0.428864,
            0.901928,
            -0.051008
          ],
          [
            0.119893,
            0.112791,
            0.986359
          ]
        ],
        [
          [
            0.999416,
            0.000271,
            0.034182
          ],
          [
            -0.002638,
            0.997597,
            0.06923
          ],
          [
            -0.034081,
            -0.06928,
            0.997015
          ]
        ],
        [
          [
            0.999866,
            0.016102,
            0.002902
          ],
          [
            -0.016238,
            0.954848,
            0.29665
          ],
          [
            0.002005,
            -0.296657,
            0.954982
          ]
        ],
        [
          [
            0.999041,
            -0.04369,
            0.002702
          ],
          [
            0.042494,
            0.982793,
            0.179757
          ],
          [
            -0.010509,
            -0.17947,
            0.983707
          ]
        ],
        [
          [
            0.998987,
            0.044923,
            0.002604
          ],
          [
            -0.044181,
            0.990167,
            -0.132726
          ],
          [
            -0.008541,
            0.132477,
            0.991149
          ]
        ],
        [
          [
            0.952484,
            0.136203,
            -0.272438
          ],
          [
            -0.182625,
            0.971216,
            -0.152932
          ],
          [
            0.243767,
            0.195419,
            0.949942
          ]
        ],
        [
          [
            0.950734,
            -0.210154,
            0.227905
          ],
          [
            0.23335,
            0.969111,
            -0.079819
          ],
          [
            -0.204091,
            0.129069,
            0.970406
          ]
        ],
        [
          [
            0.99984,
            0.012039,
            -0.013203
          ],
          [
            -0.009973,
            0.98913,
            0.146707
          ],
          [
            0.014826,
            -0.146552,
            0.989092
          ]
        ],
        [
          [
            0.878948,
            0.202743,
            0.431677
          ],
          [
            -0.120054,
            0.970052,
            -0.211152
          ],
          [
            -0.461559,
            0.133767,
            0.876966
          ]
        ],
        [
          [
            0.940562,
            -0.11838,
            -0.318323
          ],
          [
            0.008422,
            0.945127,
            -0.326594
          ],
          [
            0.339518,
            0.304501,
            0.889948
          ]
        ],
        [
          [
            0.984111,
            0.056918,
            -0.168184
          ],
          [
            0.00841,
            0.931221,
            0.364358
          ],
          [
            0.177355,
            -0.359983,
            0.915946
          ]
        ],
        [
          [
            0.96025,
            -0.247994,
            -0.128134
          ],
          [
            0.21033,
            0.944601,
            -0.251972
          ],
          [
            0.183523,
            0.215005,
            0.959214
          ]
        ],
        [
          [
            0.985593,
            0.118289,
            0.120887
          ],
          [
            -0.083924,
            0.962583,
            -0.257662
          ],
          [
            -0.146842,
            0.243805,
            0.958643
          ]
        ],
        [
          [
            0.994853,
            -0.068795,
            0.074392
          ],
          [
            0.073709,
            0.995129,
            -0.065463
          ],
          [
            -0.069526,
            0.070609,
            0.995078
          ]
        ],
        [
          [
            0.495292,
            0.52666,
            -0.69088
          ],
          [
            -0.049043,
            0.810962,
            0.58304
          ],
          [
            0.867341,
            -0.254892,
            0.427492
          ]
        ],
        [
          [
            0.522441,
            -0.357969,
            0.773895
          ],
          [
            -0.069625,
            0.886668,
            0.457135
          ],
          [
            -0.849828,
            -0.292709,
            0.438308
          ]
        ],
        [
          [
            0.5014,
            0.86203,
            0.074173
          ],
          [
            -0.86512,
            0.500771,
            0.028192
          ],
          [
            -0.012842,
            -0.078304,
            0.996847
          ]
        ],
        [
          [
            0.556362,
            -0.824252,
            -0.105214
          ],
          [
            0.830883,
            0.550365,
            0.082047
          ],
          [
            -0.009721,
            -0.133069,
            0.991059
          ]
        ],
        [
          [
            0.99606,
            0.055592,
            -0.069092
          ],
          [
            -0.060073,
            0.996103,
            -0.064571
          ],
          [
            0.065233,
            0.068467,
            0.995518
          ]
        ],
        [
          [
            0.996342,
            -0.038387,
            0.076349
          ],
          [
            0.047967,
            0.990627,
            -0.127895
          ],
          [
            -0.070724,
            0.131089,
            0.988845
          ]
        ],
        [
          [
            1.0,
            0.0,
            0.0
          ],
          [
            0.0,
            1.0,
            0.0
          ],
          [
            0.0,
            0.0,
            1.0
          ]
        ],
        [
          [
            1.0,
            0.0,
            0.0
          ],
          [
            0.0,
            1.0,
            0.0
          ],
          [
            0.0,
            0.0,
            1.0
          ]
        ]
      ]
    },
    {
      "time_sec": 0.084397,
      "root_offset": [
        -0.00257,
        0.006031,
        0.000889
      ],
      "local_rotation_matrices": [
        [
          [
            0.99783,
            -0.060107,
            -0.026874
          ],
          [
            0.058051,
            0.995737,
            -0.071684
          ],
          [
            0.031068,
            0.069968,
            0.997065
          ]
        ],
        [
          [
            0.961416,
            -0.213888,
            0.173008
          ],
          [
            0.235687,
            0.96476,
            -0.117004
          ],
          [
            -0.141885,
            0.153265,
            0.977946
          ]
        ],
        [
          [
            0.910873,
            0.385611,
            -0.147019
          ],
          [
            -0.391868,
            0.919898,
            -0.015096
          ],
          [
            0.129421,
            0.071362,
            0.989018
          ]
        ],
        [
          [
            0.999608,
            -0.002611,
            0.027891
          ],
          [
            0.000744,
            0.99777,
            0.066748
          ],
          [
            -0.028003,
            -0.066701,
            0.99738
          ]
        ],
        [
          [
            0.999811,
            0.019286,
            0.002454
          ],
          [
            -0.019186,
            0.958433,
            0.284671
          ],
          [
            0.003138,
            -0.284664,
            0.958622
          ]
        ],
        [
          [
            0.998889,
            -0.046872,
            0.004805
          ],
          [
            0.045757,
            0.98931,
            0.138461
          ],
          [
            -0.011244,
            -0.138088,
            0.990356
          ]
        ],
        [
          [
            0.999784,
            0.020505,
            0.003398
          ],
          [
            -0.01987,
            0.990896,
            -0.133156
          ],
          [
            -0.006098,
            0.13306,
            0.991089
          ]
        ],
        [
          [
            0.952067,
            0.138036,
            -0.272972
          ],
          [
            -0.183466,
            0.971745,
            -0.148499
          ],
          [
            0.244761,
            0.191462,
            0.950492
          ]
        ],
        [
          [
            0.952334,
            -0.208925,
            0.222284
          ],
          [
            0.229523,
            0.970712,
            -0.070974
          ],
          [
            -0.200946,
            0.118611,
            0.972395
          ]
        ],
        [
          [
            0.999857,
            0.011612,
            -0.012302
          ],
          [
            -0.009694,
            0.989255,
            0.145877
          ],
          [
            0.013864,
            -0.145737,
            0.989226
          ]
        ],
        [
          [
            0.879821,
            0.198657,
            0.4318
          ],
          [
            -0.121337,
            0.972241,
            -0.200063
          ],
          [
            -0.459557,
            0.123626,
            0.879502
          ]
        ],
        [
          [
            0.94641,
            -0.107905,
            -0.304408
          ],
          [
            0.004931,
            0.947253,
            -0.320449
          ],
          [
            0.322929,
            0.301776,
            0.897022
          ]
        ],
        [
          [
            0.98329,
            0.050945,
            -0.174772
          ],
          [
            0.01546,
            0.933208,
            0.359005
          ],
          [
            0.181389,
            -0.355708,
            0.916826
          ]
        ],
        [
          [
            0.963586,
            -0.241844,
            -0.114074
          ],
          [
            0.206618,
            0.944208,
            -0.256476
          ],
          [
            0.169737,
            0.223567,
            0.959795
          ]
        ],
        [
          [
            0.986282,
            0.118335,
            0.115088
          ],
          [
            -0.086972,
            0.965105,
            -0.247
          ],
          [
            -0.140301,
            0.233602,
            0.962157
          ]
        ],
        [
          [
            0.994679,
            -0.067426,
            0.077892
          ],
          [
            0.072626,
            0.995175,
            -0.065973
          ],
          [
            -0.073068,
            0.071279,
            0.994777
          ]
        ],
        [
          [
            0.491689,
            0.529966,
            -0.690926
          ],
          [
            -0.066717,
            0.81406,
            0.576936
          ],
          [
            0.868212,
            -0.237576,
            0.435622
          ]
        ],
        [
          [
            0.521748,
            -0.346613,
            0.779512
          ],
          [
            -0.078496,
            0.890359,
            0.448441
          ],
          [
            -0.849481,
            -0.295161,
            0.437335
          ]
        ],
        [
          [
            0.51025,
            0.857265,
            0.06886
          ],
          [
            -0.859943,
            0.509676,
            0.027002
          ],
          [
            -0.011949,
            -0.072993,
            0.997261
          ]
        ],
        [
          [
            0.568459,
            -0.816274,
            -0.102719
          ],
          [
            0.822674,
            0.562794,
            0.080441
          ],
          [
            -0.007852,
            -0.130232,
            0.991453
          ]
        ],
        [
          [
            0.996245,
            0.051333,
            -0.06972
          ],
          [
            -0.055879,
            0.996326,
            -0.0649
          ],
          [
            0.066132,
            0.068552,
            0.995453
          ]
        ],
        [
          [
            0.996233,
            -0.038736,
            0.077582
          ],
          [
            0.048181,
            0.991132,
            -0.123839
          ],
          [
            -0.072097,
            0.12711,
            0.989265
          ]
        ],
        [
          [
            1.0,
            0.0,
            0.0
          ],
          [
            0.0,
            1.0,
            0.0
          ],
          [
            0.0,
            0.0,
            1.0
          ]
        ],
        [
          [
            1.0,
            0.0,
            0.0
          ],
          [
            0.0,
            1.0,
            0.0
          ],
          [
            0.0,
            0.0,
            1.0
          ]
        ]
      ]
    },
    {
      "time_sec": 0.168794,
      "root_offset": [
        -0.004154,
        0.005291,
        0.001
      ],
      "local_rotation_matrices": [
        [
          [
            0.99693,
            -0.074263,
            -0.024824
          ],
          [
            0.072177,
            0.994463,
            -0.076378
          ],
          [
            0.030359,
            0.074352,
            0.99677
          ]
        ],
        [
          [
            0.963512,
            -0.206199,
            0.170665
          ],
          [
            0.226965,
            0.967375,
            -0.112572
          ],
          [
            -0.141885,
            0.1472,
            0.978877
          ]
        ],
        [
          [
            0.917122,
            0.372881,
            -0.14088
          ],
          [
            -0.376156,
            0.926549,
            0.003631
          ],
          [
            0.131886,
            0.049663,
            0.99002
          ]
        ],
        [
          [
            0.99965,
            -0.003975,
            0.026141
          ],
          [
            0.002244,
            0.997824,
            0.065902
          ],
          [
            -0.026346,
            -0.06582,
            0.997484
          ]
        ],
        [
          [
            0.999757,
            0.021896,
            0.002465
          ],
          [
            -0.021715,
            0.960108,
            0.278785
          ],
          [
            0.003738,
            -0.278771,
            0.96035
          ]
        ],
        [
          [
            0.998806,
            -0.048454,
            0.006155
          ],
          [
            0.0474,
            0.991973,
            0.117234
          ],
          [
            -0.011786,
            -0.116802,
            0.993085
          ]
        ],
        [
          [
            0.999993,
            0.002337,
            0.00291
          ],
          [
            -0.001934,
            0.991312,
            -0.131514
          ],
          [
            -0.003192,
            0.131508,
            0.99131
          ]
        ],
        [
          [
            0.95142,
            0.138422,
            -0.275025
          ],
          [
            -0.18394,
            0.971856,
            -0.147179
          ],
          [
            0.246912,
            0.190617,
            0.950105
          ]
        ],
        [
          [
            0.953946,
            -0.205996,
            0.218066
          ],
          [
            0.225201,
            0.972009,
            -0.066953
          ],
          [
            -0.19817,
            0.112978,
            0.973635
          ]
        ],
        [
          [
            0.999868,
            0.011407,
            -0.011575
          ],
          [
            -0.009598,
            0.989269,
            0.145789
          ],
          [
            0.013114,
            -0.145659,
            0.989248
          ]
        ],
        [
          [
            0.878946,
            0.198914,
            0.43346
          ],
          [
            -0.123689,
            0.972847,
            -0.195628
          ],
          [
            -0.460603,
            0.118332,
            0.879683
          ]
        ],
        [
          [
            0.949199,
            -0.103048,
            -0.297324
          ],
          [
            0.002978,
            0.947759,
            -0.318973
          ],
          [
            0.314661,
            0.301883,
            0.899919
          ]
        ],
        [
          [
            0.982777,
            0.048574,
            -0.178296
          ],
          [
            0.018418,
            0.934285,
            0.356051
          ],
          [
            0.183874,
            -0.353202,
            0.9173
          ]
        ],
        [
          [
            0.964295,
            -0.239819,
            -0.112346
          ],
          [
            0.204401,
            0.94371,
            -0.26006
          ],
          [
            0.168389,
            0.227811,
            0.959035
          ]
        ],
        [
          [
            0.986862,
            0.116861,
            0.111568
          ],
          [
            -0.087123,
            0.966444,
            -0.241651
          ],
          [
            -0.136064,
            0.228756,
            0.963928
          ]
        ],
        [
          [
            0.994534,
            -0.067393,
            0.079757
          ],
          [
            0.072664,
            0.995227,
            -0.065136
          ],
          [
            -0.074987,
            0.070575,
            0.994684
          ]
        ],
        [
          [
            0.483577,
            0.535674,
            -0.692247
          ],
          [
            -0.090583,
            0.817247,
            0.569124
          ],
          [
            0.870602,
            -0.21251,
            0.443725
          ]
        ],
        [
          [
            0.517344,
            -0.341261,
            0.784791
          ],
          [
            -0.075308,
            0.895337,
            0.438975
          ],
          [
            -0.852457,
            -0.286203,
            0.437498
          ]
        ],
        [
          [
            0.526413,
            0.847736,
            0.065064
          ],
          [
            -0.850138,
            0.525935,
            0.025664
          ],
          [
            -0.012464,
            -0.068823,
            0.997551
          ]
        ],
        [
          [
            0.585111,
            -0.804662,
            -0.100816
          ],
          [
            0.810926,
            0.579536,
            0.080855
          ],
          [
            -0.006634,
            -0.129063,
            0.991614
          ]
        ],
        [
          [
            0.996482,
            0.047465,
            -0.069075
          ],
          [
            -0.051977,
            0.996528,
            -0.065047
          ],
          [
            0.065748,
            0.068409,
            0.995489
          ]
        ],
        [
          [
            0.996205,
            -0.038508,
            0.078062
          ],
          [
            0.047873,
            0.991388,
            -0.121894
          ],
          [
            -0.072696,
            0.125168,
            0.989469
          ]
        ],
        [
          [
            1.0,
            0.0,
            0.0
          ],
          [
            0.0,
            1.0,
            0.0
          ],
          [
            0.0,
            0.0,
            1.0
          ]
        ],
        [
          [
            1.0,
            0.0,
            0.0
          ],
          [
            0.0,
            1.0,
            0.0
          ],
          [
            0.0,
            0.0,
            1.0
          ]
        ]
      ]
    },
    {
      "time_sec": 0.253192,
      "root_offset": [
        -0.004881,
        -0.001952,
        0.001566
      ],
      "local_rotation_matrices": [
        [
          [
            0.996211,
            -0.083098,
            -0.025641
          ],
          [
            0.080953,
            0.993843,
            -0.075645
          ],
          [
            0.031769,
            0.073282,
            0.996805
          ]
        ],
        [
          [
            0.963455,
            -0.204569,
            0.172932
          ],
          [
            0.227032,
            0.966233,
            -0.121865
          ],
          [
            -0.142163,
            0.156672,
            0.977366
          ]
        ],
        [
          [
            0.917298,
            0.371971,
            -0.142133
          ],
          [
            -0.376394,
            0.926448,
            -0.0046
          ],
          [
            0.129968,
            0.057717,
            0.989837
          ]
        ],
        [
          [
            0.99963,
            -0.003804,
            0.026916
          ],
          [
            0.001644,
            0.996807,
            0.079832
          ],
          [
            -0.027134,
            -0.079759,
            0.996445
          ]
        ],
        [
          [
            0.999638,
            0.02682,
            0.002312
          ],
          [
            -0.026391,
            0.959452,
            0.280634
          ],
          [
            0.005308,
            -0.280593,
            0.959812
          ]
        ],
        [
          [
            0.99866,
            -0.051344,
            0.006487
          ],
          [
            0.05012,
            0.990768,
            0.125962
          ],
          [
            -0.012895,
            -0.125468,
            0.992014
          ]
        ],
        [
          [
            0.999945,
            -0.010503,
            -0.0
          ],
          [
            0.010412,
            0.991256,
            -0.131538
          ],
          [
            0.001382,
            0.131531,
            0.991311
          ]
        ],
        [
          [
            0.952495,
            0.131228,
            -0.274832
          ],
          [
            -0.176748,
            0.973076,
            -0.14793
          ],
          [
            0.24802,
            0.189478,
            0.950044
          ]
        ],
        [
          [
            0.954331,
            -0.20178,
            0.22031
          ],
          [
            0.219919,
            0.973614,
            -0.060914
          ],
          [
            -0.202206,
            0.106582,
            0.973526
          ]
        ],
        [
          [
            0.99988,
            0.011083,
            -0.010838
          ],
          [
            -0.009305,
            0.988312,
            0.152163
          ],
          [
            0.012397,
            -0.152044,
            0.988296
          ]
        ],
        [
          [
            0.877067,
            0.211061,
            0.431516
          ],
          [
            -0.134118,
            0.970174,
            -0.201928
          ],
          [
            -0.461265,
            0.11923,
            0.879215
          ]
        ],
        [
          [
            0.946838,
            -0.11075,
            -0.302047
          ],
          [
            0.004653,
            0.943492,
            -0.331362
          ],
          [
            0.321678,
            0.312341,
            0.893849
          ]
        ],
        [
          [
            0.982532,
            0.052513,
            -0.178531
          ],
          [
            0.013598,
            0.936536,
            0.350309
          ],
          [
            0.185596,
            -0.346617,
            0.919462
          ]
        ],
        [
          [
            0.963931,
            -0.226199,
            -0.140251
          ],
          [
            0.186191,
            0.949658,
            -0.251957
          ],
          [
            0.190183,
            0.216756,
            0.957521
          ]
        ],
        [
          [
            0.987812,
            0.101088,
            0.118358
          ],
          [
            -0.070984,
            0.969296,
            -0.23543
          ],
          [
            -0.138523,
            0.224159,
            0.964657
          ]
        ],
        [
          [
            0.994065,
            -0.071517,
            0.081975
          ],
          [
            0.076546,
            0.995264,
            -0.059927
          ],
          [
            -0.0773,
            0.065847,
            0.994831
          ]
        ],
        [
          [
            0.457373,
            0.544468,
            -0.703111
          ],
          [
            -0.148843,
            0.826373,
            0.543096
          ],
          [
            0.87673,
            -0.143744,
            0.459002
          ]
        ],
        [
          [
            0.502064,
            -0.341323,
            0.794626
          ],
          [
            -0.033913,
            0.910346,
            0.412457
          ],
          [
            -0.864165,
            -0.234028,
            0.445477
          ]
        ],
        [
          [
            0.576633,
            0.814853,
            0.059238
          ],
          [
            -0.816923,
            0.576072,
            0.027879
          ],
          [
            -0.011408,
            -0.064469,
            0.997854
          ]
        ],
        [
          [
            0.633225,
            -0.767913,
            -0.096626
          ],
          [
            0.773937,
            0.627119,
            0.088
          ],
          [
            -0.006981,
            -0.130506,
            0.991423
          ]
        ],
        [
          [
            0.997125,
            0.0425,
            -0.062737
          ],
          [
            -0.046626,
            0.99674,
            -0.065842
          ],
          [
            0.059734,
            0.068578,
            0.995856
          ]
        ],
        [
          [
            0.996692,
            -0.035209,
            0.073251
          ],
          [
            0.044082,
            0.991394,
            -0.123269
          ],
          [
            -0.068281,
            0.12609,
            0.989666
          ]
        ],
        [
          [
            1.0,
            0.0,
            0.0
          ],
          [
            0.0,
            1.0,
            0.0
          ],
          [
            0.0,
            0.0,
            1.0
          ]
        ],
        [
          [
            1.0,
            0.0,
            0.0
          ],
          [
            0.0,
            1.0,
            0.0
          ],
          [
            0.0,
            0.0,
            1.0
          ]
        ]
      ]
    },
    {
      "time_sec": 0.337589,
      "root_offset": [
        -0.005487,
        -0.01094,
        0.002811
      ],
      "local_rotation_matrices": [
        [
          [
            0.996161,
            -0.083715,
            -0.025586
          ],
          [
            0.081909,
            0.994522,
            -0.064945
          ],
          [
            0.030883,
            0.0626,
            0.997561
          ]
        ],
        [
          [
            0.963154,
            -0.207106,
            0.171583
          ],
          [
            0.232237,
            0.962207,
            -0.14221
          ],
          [
            -0.135646,
            0.176818,
            0.974852
          ]
        ],
        [
          [
            0.919073,
            0.366037,
            -0.146022
          ],
          [
            -0.374227,
            0.926777,
            -0.032236
          ],
          [
            0.12353,
            0.084272,
            0.988756
          ]
        ],
        [
          [
            0.999633,
            -0.002602,
            0.026956
          ],
          [
            -0.000318,
            0.994174,
            0.107789
          ],
          [
            -0.02708,
            -0.107758,
            0.993808
          ]
        ],
        [
          [
            0.999443,
            0.033318,
            0.002133
          ],
          [
            -0.032587,
            0.959654,
            0.279288
          ],
          [
            0.007259,
            -0.279201,
            0.960205
          ]
        ],
        [
          [
            0.998475,
            -0.054898,
            0.005897
          ],
          [
            0.05355,
            0.988869,
            0.138817
          ],
          [
            -0.013452,
            -0.138289,
            0.9903
          ]
        ],
        [
          [
            0.99996,
            -0.007825,
            -0.004379
          ],
          [
            0.007143,
            0.990313,
            -0.138667
          ],
          [
            0.005422,
            0.13863,
            0.990329
          ]
        ],
        [
          [
            0.955576,
            0.118981,
            -0.269664
          ],
          [
            -0.163099,
            0.975516,
            -0.147536
          ],
          [
            0.245507,
            0.184964,
            0.951585
          ]
        ],
        [
          [
            0.955012,
            -0.193473,
            0.224767
          ],
          [
            0.211407,
            0.97565,
            -0.058435
          ],
          [
            -0.207988,
            0.103323,
            0.972659
          ]
        ],
        [
          [
            0.999889,
            0.01047,
            -0.010634
          ],
          [
            -0.008589,
            0.986482,
            0.163645
          ],
          [
            0.012203,
            -0.163535,
            0.986462
          ]
        ],
        [
          [
            0.87814,
            0.227937,
            0.420613
          ],
          [
            -0.147506,
            0.965368,
            -0.215191
          ],
          [
            -0.455097,
            0.126925,
            0.88135
          ]
        ],
        [
          [
            0.942804,
            -0.125364,
            -0.308875
          ],
          [
            0.010963,
            0.937748,
            -0.347142
          ],
          [
            0.333166,
            0.323901,
            0.885488
          ]
        ],
        [
          [
            0.983014,
            0.057619,
            -0.174251
          ],
          [
            0.005543,
            0.939686,
            0.341994
          ],
          [
            0.183446,
            -0.337151,
            0.923405
          ]
        ],
        [
          [
            0.966951,
            -0.185158,
            -0.17528
          ],
          [
            0.142448,
            0.962493,
            -0.230902
          ],
          [
            0.211459,
            0.198303,
            0.957059
          ]
        ],
        [
          [
            0.98758,
            0.065074,
            0.143005
          ],
          [
            -0.031146,
            0.973217,
            -0.227768
          ],
          [
            -0.153997,
            0.220486,
            0.963157
          ]
        ],
        [
          [
            0.99376,
            -0.075869,
            0.081758
          ],
          [
            0.080338,
            0.995366,
            -0.052833
          ],
          [
            -0.077371,
            0.059072,
            0.995251
          ]
        ],
        [
          [
            0.441502,
            0.536917,
            -0.718885
          ],
          [
            -0.198088,
            0.839758,
            0.505538
          ],
          [
            0.875121,
            -0.080793,
            0.477112
          ]
        ],
        [
          [
            0.494514,
            -0.335543,
            0.80179
          ],
          [
            0.013556,
            0.925343,
            0.378888
          ],
          [
            -0.869064,
            -0.176497,
            0.462144
          ]
        ],
        [
          [
            0.623016,
            0.780324,
            0.054266
          ],
          [
            -0.782161,
            0.622244,
            0.032197
          ],
          [
            -0.008643,
            -0.062504,
            0.998007
          ]
        ],
        [
          [
            0.677485,
            -0.729973,
            -0.090296
          ],
          [
            0.735495,
            0.67101,
            0.093774
          ],
          [
            -0.007863,
            -0.129943,
            0.99149
          ]
        ],
        [
          [
            0.997612,
            0.039152,
            -0.0569
          ],
          [
            -0.042807,
            0.996999,
            -0.064501
          ],
          [
            0.054203,
            0.066782,
            0.996294
          ]
        ],
        [
          [
            0.997241,
            -0.032088,
            0.066942
          ],
          [
            0.040151,
            0.991617,
            -0.122812
          ],
          [
            -0.062441,
            0.125161,
            0.99017
          ]
        ],
        [
          [
            1.0,
            0.0,
            0.0
          ],
          [
            0.0,
            1.0,
            0.0
          ],
          [
            0.0,
            0.0,
            1.0
          ]
        ],
        [
          [
            1.0,
            0.0,
            0.0
          ],
          [
            0.0,
            1.0,
            0.0
          ],
          [
            0.0,
            0.0,
            1.0
          ]
        ]
      ]
    },
    {
      "time_sec": 0.421986,
      "root_offset": [
        -0.005164,
        -0.036053,
        0.005369
      ],
      "local_rotation_matrices": [
        [
          [
            0.996337,
            -0.081768,
            -0.025022
          ],
          [
            0.080949,
            0.996198,
            -0.032194
          ],
          [
            0.027559,
            0.03005,
            0.999168
          ]
        ],
        [
          [
            0.964139,
            -0.207639,
            0.165294
          ],
          [
            0.239056,
            0.949962,
            -0.20106
          ],
          [
            -0.115275,
            0.233365,
            0.965532
          ]
        ],
        [
          [
            0.927808,
            0.34044,
            -0.152552
          ],
          [
            -0.358455,
            0.926836,
            -0.111739
          ],
          [
            0.10335,
            0.158356,
            0.981958
          ]
        ],
        [
          [
            0.999591,
            -0.00017,
            0.028582
          ],
          [
            -0.005052,
            0.98319,
            0.182518
          ],
          [
            -0.028132,
            -0.182587,
            0.982787
          ]
        ],
        [
          [
            0.99889,
            0.047078,
            0.001618
          ],
          [
            -0.045676,
            0.959595,
            0.277654
          ],
          [
            0.011519,
            -0.27742,
            0.96068
          ]
        ],
        [
          [
            0.998129,
            -0.061106,
            0.002067
          ],
          [
            0.05984,
            0.983273,
            0.172026
          ],
          [
            -0.012544,
            -0.17158,
            0.98509
          ]
        ],
        [
          [
            0.999887,
            0.003856,
            -0.014519
          ],
          [
            -0.006085,
            0.987617,
            -0.156767
          ],
          [
            0.013735,
            0.156837,
            0.987529
          ]
        ],
        [
          [
            0.963271,
            0.091494,
            -0.252465
          ],
          [
            -0.13063,
            0.981084,
            -0.142864
          ],
          [
            0.234618,
            0.170596,
            0.957001
          ]
        ],
        [
          [
            0.9565,
            -0.171622,
            0.235909
          ],
          [
            0.191532,
            0.979393,
            -0.064073
          ],
          [
            -0.220051,
            0.10647,
            0.969661
          ]
        ],
        [
          [
            0.999907,
            0.008222,
            -0.010901
          ],
          [
            -0.005963,
            0.981161,
            0.193098
          ],
          [
            0.012284,
            -0.193015,
            0.981119
          ]
        ],
        [
          [
            0.884305,
            0.266995,
            0.383039
          ],
          [
            -0.176762,
