{
  "format": "gf5_keyframed_motion",
  "version": 1,
  "name": "Turn around",
  "profile_name": "course_body_24",
  "joint_order": [
    "pelvis",
    "left_hip",
    "right_hip",
    "spine1",
    "left_knee",
    "right_knee",
    "spine2",
    "left_ankle",
    "right_ankle",
    "spine3",
    "left_foot",
    "right_foot",
    "neck",
    "left_collar",
    "right_collar",
    "head",
    "left_shoulder",
    "right_shoulder",
    "left_elbow",
    "right_elbow",
    "left_wrist",
    "right_wrist",
    "left_hand",
    "right_hand"
  ],
  "coordinate_convention": {
    "name": "gf5_viewer_body",
    "up_axis": [
      0.0,
      0.0,
      1.0
    ],
    "forward_axis": [
      0.0,
      1.0,
      0.0
    ],
    "anatomical_right_axis": [
      1.0,
      0.0,
      0.0
    ],
    "native_smpl_to_viewer": "viewer=(-native_x, native_z, native_y)"
  },
  "duration_sec": 3.966667,
  "exported_at": "2026-05-13T23:48:15",
  "source_asset_name": null,
  "source_motion": {
    "format": "amass_npz",
    "path": "staff_tools/motion_fallback/packs/hy_motion_palette/clips/turn_right_180_01.npz",
    "frame_rate": 30.0,
    "frame_count": 120,
    "pose_source": "poses",
    "translation_source": "trans",
    "start_sec": 0.0,
    "end_sec": 3.966667,
    "sample_fps": 12.0,
    "manifest": "staff_tools/motion_fallback/packs/hy_motion_palette/manifest.json"
  },
  "keyframes": [
    {
      "time_sec": 0.0,
      "root_offset": [
        0.0,
        0.0,
        0.0
      ],
      "local_rotation_matrices": [
        [
          [
            0.998801,
            0.043486,
            0.022475
          ],
          [
            -0.047102,
            0.978769,
            0.19948
          ],
          [
            -0.013323,
            -0.2003,
            0.979644
          ]
        ],
        [
          [
            0.984025,
            -0.172311,
            0.044758
          ],
          [
            0.178002,
            0.947845,
            -0.264398
          ],
          [
            0.003135,
            0.268141,
            0.963375
          ]
        ],
        [
          [
            0.993045,
            0.099151,
            -0.06349
          ],
          [
            -0.111685,
            0.963961,
            -0.241467
          ],
          [
            0.03726,
            0.246878,
            0.96833
          ]
        ],
        [
          [
            0.999884,
            -0.00657,
            -0.013728
          ],
          [
            0.004281,
            0.987017,
            -0.160561
          ],
          [
            0.014605,
            0.160484,
            0.98693
          ]
        ],
        [
          [
            0.998396,
            0.052033,
            -0.022327
          ],
          [
            -0.048453,
            0.989165,
            0.138582
          ],
          [
            0.029296,
            -0.137278,
            0.990099
          ]
        ],
        [
          [
            0.998963,
            -0.044269,
            0.010595
          ],
          [
            0.042763,
            0.992461,
            0.114862
          ],
          [
            -0.0156,
            -0.11429,
            0.993325
          ]
        ],
        [
          [
            0.998812,
            -0.048722,
            0.000373
          ],
          [
            0.048704,
            0.998598,
            0.020745
          ],
          [
            -0.001384,
            -0.020702,
            0.999785
          ]
        ],
        [
          [
            0.996972,
            0.065348,
            0.042158
          ],
          [
            -0.062841,
            0.99632,
            -0.058291
          ],
          [
            -0.045813,
            0.055466,
            0.997409
          ]
        ],
        [
          [
            0.978608,
            0.065073,
            0.195169
          ],
          [
            -0.033608,
            0.986481,
            -0.160394
          ],
          [
            -0.202968,
            0.150404,
            0.967565
          ]
        ],
        [
          [
            0.999888,
            -0.008139,
            0.012548
          ],
          [
            0.006433,
            0.991437,
            0.13043
          ],
          [
            -0.013502,
            -0.130335,
            0.991378
          ]
        ],
        [
          [
            0.99831,
            0.057489,
            0.008477
          ],
          [
            -0.054289,
            0.974709,
            -0.216782
          ],
          [
            -0.020726,
            0.215955,
            0.976183
          ]
        ],
        [
          [
            0.892754,
            -0.21039,
            -0.398405
          ],
          [
            0.26473,
            0.96048,
            0.086
          ],
          [
            0.364566,
            -0.182246,
            0.913169
          ]
        ],
        [
          [
            0.993627,
            -0.077077,
            0.08225
          ],
          [
            0.060331,
            0.980017,
            0.189543
          ],
          [
            -0.095215,
            -0.183373,
            0.978421
          ]
        ],
        [
          [
            0.85363,
            0.282089,
            -0.437883
          ],
          [
            -0.315746,
            0.948834,
            -0.004281
          ],
          [
            0.414271,
            0.141914,
            0.899022
          ]
        ],
        [
          [
            0.903343,
            -0.211732,
            0.373016
          ],
          [
            0.205807,
            0.976981,
            0.056147
          ],
          [
            -0.376318,
            0.026049,
            0.926124
          ]
        ],
        [
          [
            0.983369,
            0.137912,
            -0.118177
          ],
          [
            -0.16051,
            0.964396,
            -0.210181
          ],
          [
            0.084983,
            0.225654,
            0.970494
          ]
        ],
        [
          [
            0.624514,
            0.136716,
            -0.768955
          ],
          [
            0.023653,
            0.980797,
            0.19359
          ],
          [
            0.780656,
            -0.139087,
            0.609288
          ]
        ],
        [
          [
            0.585907,
            -0.21706,
            0.780767
          ],
          [
            0.177709,
            0.974424,
            0.137541
          ],
          [
            -0.790653,
            0.058164,
            0.609496
          ]
        ],
        [
          [
            0.927561,
            0.370082,
            0.051678
          ],
          [
            -0.370617,
            0.928785,
            0.000848
          ],
          [
            -0.047684,
            -0.01994,
            0.998663
          ]
        ],
        [
          [
            0.97136,
            -0.23761,
            0.000723
          ],
          [
            0.237369,
            0.970233,
            -0.048006
          ],
          [
            0.010705,
            0.046802,
            0.998847
          ]
        ],
        [
          [
            0.984873,
            -0.092037,
            -0.146813
          ],
          [
            0.056023,
            0.970902,
            -0.232834
          ],
          [
            0.163971,
            0.221087,
            0.961371
          ]
        ],
        [
          [
            0.976011,
            0.216791,
            -0.020078
          ],
          [
            -0.215324,
            0.974803,
            0.058265
          ],
          [
            0.032203,
            -0.052545,
            0.998099
          ]
        ],
        [
          [
            1.0,
            0.0,
            0.0
          ],
          [
            0.0,
            1.0,
            0.0
          ],
          [
            0.0,
            0.0,
            1.0
          ]
        ],
        [
          [
            1.0,
            0.0,
            0.0
          ],
          [
            0.0,
            1.0,
            0.0
          ],
          [
            0.0,
            0.0,
            1.0
          ]
        ]
      ]
    },
    {
      "time_sec": 0.084397,
      "root_offset": [
        -0.000283,
        -0.004047,
        -0.000264
      ],
      "local_rotation_matrices": [
        [
          [
            0.999456,
            0.029649,
            0.014467
          ],
          [
            -0.031975,
            0.978538,
            0.20357
          ],
          [
            -0.008121,
            -0.203922,
            0.978953
          ]
        ],
        [
          [
            0.989312,
            -0.137064,
            0.049749
          ],
          [
            0.145577,
            0.947884,
            -0.283412
          ],
          [
            -0.008311,
            0.287626,
            0.957707
          ]
        ],
        [
          [
            0.993793,
            0.095558,
            -0.056964
          ],
          [
            -0.107124,
            0.960112,
            -0.258282
          ],
          [
            0.030011,
            0.262781,
            0.964389
          ]
        ],
        [
          [
            0.999917,
            -0.003016,
            -0.012522
          ],
          [
            0.001085,
            0.988467,
            -0.151434
          ],
          [
            0.012834,
            0.151408,
            0.988388
          ]
        ],
        [
          [
            0.998441,
            0.051602,
            -0.021289
          ],
          [
            -0.047385,
            0.98509,
            0.165387
          ],
          [
            0.029506,
            -0.16412,
            0.985999
          ]
        ],
        [
          [
            0.998918,
            -0.045316,
            0.01042
          ],
          [
            0.043257,
            0.987855,
            0.149233
          ],
          [
            -0.017056,
            -0.148621,
            0.988747
          ]
        ],
        [
          [
            0.998911,
            -0.046632,
            0.001776
          ],
          [
            0.046603,
            0.998814,
            0.014093
          ],
          [
            -0.002431,
            -0.013995,
            0.999899
          ]
        ],
        [
          [
            0.99818,
            0.04678,
            0.038063
          ],
          [
            -0.044323,
            0.997028,
            -0.063019
          ],
          [
            -0.040898,
            0.061217,
            0.997286
          ]
        ],
        [
          [
            0.978686,
            0.077994,
            0.189977
          ],
          [
            -0.045256,
            0.984243,
            -0.170932
          ],
          [
            -0.200315,
            0.158692,
            0.966794
          ]
        ],
        [
          [
            0.999902,
            -0.004124,
            0.013361
          ],
          [
            0.002299,
            0.991009,
            0.133777
          ],
          [
            -0.013793,
            -0.133733,
            0.990921
          ]
        ],
        [
          [
            0.997973,
            0.062166,
            0.01363
          ],
          [
            -0.057296,
            0.97083,
            -0.232824
          ],
          [
            -0.027706,
            0.231571,
            0.972423
          ]
        ],
        [
          [
            0.887413,
            -0.218295,
            -0.406013
          ],
          [
            0.267349,
            0.961231,
            0.067529
          ],
          [
            0.37553,
            -0.168473,
            0.911369
          ]
        ],
        [
          [
            0.993292,
            -0.084997,
            0.078398
          ],
          [
            0.06893,
            0.979608,
            0.188726
          ],
          [
            -0.09284,
            -0.182056,
            0.978895
          ]
        ],
        [
          [
            0.849585,
            0.284086,
            -0.444409
          ],
          [
            -0.326735,
            0.944891,
            -0.020608
          ],
          [
            0.414064,
            0.162712,
            0.895587
          ]
        ],
        [
          [
            0.9002,
            -0.214712,
            0.378866
          ],
          [
            0.214163,
            0.9758,
            0.044147
          ],
          [
            -0.379176,
            0.041398,
            0.924398
          ]
        ],
        [
          [
            0.983974,
            0.132835,
            -0.118952
          ],
          [
            -0.1563,
            0.963614,
            -0.216837
          ],
          [
            0.08582,
            0.231954,
            0.968934
          ]
        ],
        [
          [
            0.6305,
            0.112281,
            -0.768025
          ],
          [
            0.046702,
            0.982202,
            0.181932
          ],
          [
            0.774783,
            -0.150577,
            0.614035
          ]
        ],
        [
          [
            0.589613,
            -0.196415,
            0.783439
          ],
          [
            0.161812,
            0.979041,
            0.123675
          ],
          [
            -0.791311,
            0.053849,
            0.609038
          ]
        ],
        [
          [
            0.927867,
            0.369756,
            0.048399
          ],
          [
            -0.369936,
            0.929041,
            -0.00552
          ],
          [
            -0.047006,
            -0.012783,
            0.998813
          ]
        ],
        [
          [
            0.970974,
            -0.239176,
            0.001925
          ],
          [
            0.238956,
            0.969665,
            -0.051478
          ],
          [
            0.010446,
            0.050443,
            0.998672
          ]
        ],
        [
          [
            0.984092,
            -0.1,
            -0.146843
          ],
          [
            0.062629,
            0.968751,
            -0.239998
          ],
          [
            0.166254,
            0.226983,
            0.959603
          ]
        ],
        [
          [
            0.977129,
            0.21203,
            -0.016216
          ],
          [
            -0.211083,
            0.976346,
            0.046812
          ],
          [
            0.025758,
            -0.042319,
            0.998772
          ]
        ],
        [
          [
            1.0,
            0.0,
            0.0
          ],
          [
            0.0,
            1.0,
            0.0
          ],
          [
            0.0,
            0.0,
            1.0
          ]
        ],
        [
          [
            1.0,
            0.0,
            0.0
          ],
          [
            0.0,
            1.0,
            0.0
          ],
          [
            0.0,
            0.0,
            1.0
          ]
        ]
      ]
    },
    {
      "time_sec": 0.168794,
      "root_offset": [
        0.001605,
        -0.006909,
        -0.000954
      ],
      "local_rotation_matrices": [
        [
          [
            0.999788,
            0.020254,
            0.003818
          ],
          [
            -0.020605,
            0.977655,
            0.209205
          ],
          [
            0.000504,
            -0.20924,
            0.977864
          ]
        ],
        [
          [
            0.994041,
            -0.092561,
            0.05758
          ],
          [
            0.105961,
            0.944495,
            -0.310969
          ],
          [
            -0.0256,
            0.315217,
            0.948674
          ]
        ],
        [
          [
            0.994327,
            0.095431,
            -0.04697
          ],
          [
            -0.104704,
            0.955901,
            -0.27439
          ],
          [
            0.018713,
            0.277751,
            0.960471
          ]
        ],
        [
          [
            0.999969,
            -0.000245,
            -0.007926
          ],
          [
            -0.00087,
            0.990101,
            -0.140353
          ],
          [
            0.007882,
            0.140355,
            0.99007
          ]
        ],
        [
          [
            0.998433,
            0.052798,
            -0.018528
          ],
          [
            -0.047848,
            0.977282,
            0.20647
          ],
          [
            0.029008,
            -0.20526,
            0.978277
          ]
        ],
        [
          [
            0.998803,
            -0.047797,
            0.010409
          ],
          [
            0.045142,
            0.982585,
            0.180246
          ],
          [
            -0.018843,
            -0.179561,
            0.983566
          ]
        ],
        [
          [
            0.998945,
            -0.045746,
            0.003939
          ],
          [
            0.045721,
            0.998935,
            0.006233
          ],
          [
            -0.00422,
            -0.006047,
            0.999973
          ]
        ],
        [
          [
            0.999357,
            0.020406,
            0.029491
          ],
          [
            -0.0181,
            0.996908,
            -0.076468
          ],
          [
            -0.030961,
            0.075885,
            0.996636
          ]
        ],
        [
          [
            0.980117,
            0.077661,
            0.182589
          ],
          [
            -0.044403,
            0.98273,
            -0.179638
          ],
          [
            -0.193387,
            0.167959,
            0.966639
          ]
        ],
        [
          [
            0.99991,
            -0.000432,
            0.013403
          ],
          [
            -0.001332,
            0.991334,
            0.131358
          ],
          [
            -0.013343,
            -0.131364,
            0.991244
          ]
        ],
        [
          [
            0.997147,
            0.071378,
            0.024548
          ],
          [
            -0.063522,
            0.969212,
            -0.237891
          ],
          [
            -0.040772,
            0.235653,
            0.970982
          ]
        ],
        [
          [
            0.887904,
            -0.226537,
            -0.400385
          ],
          [
            0.268566,
            0.961892,
            0.051341
          ],
          [
            0.373496,
            -0.153115,
            0.914908
          ]
        ],
        [
          [
            0.992859,
            -0.096039,
            0.070761
          ],
          [
            0.081854,
            0.979971,
            0.181543
          ],
          [
            -0.086779,
            -0.174455,
            0.980834
          ]
        ],
        [
          [
            0.845662,
            0.286249,
            -0.450463
          ],
          [
            -0.333907,
            0.942186,
            -0.028133
          ],
          [
            0.416367,
            0.174204,
            0.892352
          ]
        ],
        [
          [
            0.897393,
            -0.220459,
            0.382208
          ],
          [
            0.222325,
            0.974156,
            0.039896
          ],
          [
            -0.381126,
            0.049172,
            0.923215
          ]
        ],
        [
          [
            0.98443,
            0.129747,
            -0.118591
          ],
          [
            -0.153051,
            0.964487,
            -0.215267
          ],
          [
            0.086449,
            0.230066,
            0.969328
          ]
        ],
        [
          [
            0.639133,
            0.075073,
            -0.765423
          ],
          [
            0.062021,
            0.986952,
            0.148589
          ],
          [
            0.766591,
            -0.142441,
            0.626138
          ]
        ],
        [
          [
            0.593807,
            -0.176257,
            0.785065
          ],
          [
            0.151497,
            0.982752,
            0.106051
          ],
          [
            -0.790216,
            0.055961,
            0.610268
          ]
        ],
        [
          [
            0.929243,
            0.366789,
            0.044427
          ],
          [
            -0.366734,
            0.930276,
            -0.009674
          ],
          [
            -0.044877,
            -0.007304,
            0.998966
          ]
        ],
        [
          [
            0.971694,
            -0.236213,
            0.003881
          ],
          [
            0.236107,
            0.970433,
            -0.050126
          ],
          [
            0.008074,
            0.049623,
            0.998735
          ]
        ],
        [
          [
            0.982965,
            -0.110122,
            -0.147153
          ],
          [
            0.07184,
            0.967142,
            -0.243876
          ],
          [
            0.169174,
            0.22915,
            0.958577
          ]
        ],
        [
          [
            0.9776,
            0.210221,
            -0.010242
          ],
          [
            -0.209722,
            0.977071,
            0.036729
          ],
          [
            0.017728,
            -0.033758,
            0.999273
          ]
        ],
        [
          [
            1.0,
            0.0,
            0.0
          ],
          [
            0.0,
            1.0,
            0.0
          ],
          [
            0.0,
            0.0,
            1.0
          ]
        ],
        [
          [
            1.0,
            0.0,
            0.0
          ],
          [
            0.0,
            1.0,
            0.0
          ],
          [
            0.0,
            0.0,
            1.0
          ]
        ]
      ]
    },
    {
      "time_sec": 0.253192,
      "root_offset": [
        0.004122,
        -0.00651,
        -0.004136
      ],
      "local_rotation_matrices": [
        [
          [
            0.997909,
            0.064045,
            -0.008654
          ],
          [
            -0.06086,
            0.97633,
            0.207548
          ],
          [
            0.021742,
            -0.206588,
            0.978187
          ]
        ],
        [
          [
            0.997279,
            0.019607,
            0.07107
          ],
          [
            0.009867,
            0.919818,
            -0.392221
          ],
          [
            -0.073062,
            0.391855,
            0.917122
          ]
        ],
        [
          [
            0.99535,
            0.09106,
            -0.031397
          ],
          [
            -0.096235,
            0.953932,
            -0.284171
          ],
          [
            0.004074,
            0.285871,
            0.958259
          ]
        ],
        [
          [
            0.999872,
            -0.006792,
            0.014507
          ],
          [
            0.00826,
            0.994583,
            -0.103613
          ],
          [
            -0.013725,
            0.103719,
            0.994512
          ]
        ],
        [
          [
            0.998258,
            0.058222,
            -0.009555
          ],
          [
            -0.05078,
            0.930286,
            0.363302
          ],
          [
            0.030041,
            -0.362184,
            0.931622
          ]
        ],
        [
          [
            0.99807,
            -0.061205,
            0.010468
          ],
          [
            0.057426,
            0.973954,
            0.219352
          ],
          [
            -0.02362,
            -0.218327,
            0.97559
          ]
        ],
        [
          [
            0.998226,
            -0.05953,
            0.000644
          ],
          [
            0.059529,
            0.997968,
            -0.022712
          ],
          [
            0.000709,
            0.02271,
            0.999742
          ]
        ],
        [
          [
            0.99989,
            -0.002208,
            -0.014645
          ],
          [
            0.00044,
            0.992818,
            -0.119631
          ],
          [
            0.014804,
            0.119611,
            0.99271
          ]
        ],
        [
          [
            0.982065,
            0.026038,
            0.186735
          ],
          [
            0.009105,
            0.982713,
            -0.18491
          ],
          [
            -0.188321,
            0.183293,
            0.964852
          ]
        ],
        [
          [
            0.99993,
            -0.00144,
            0.01178
          ],
          [
            -0.000226,
            0.990121,
            0.140213
          ],
          [
            -0.011865,
            -0.140205,
            0.990051
          ]
        ],
        [
          [
            0.993389,
            0.104921,
            0.046577
          ],
          [
            -0.088448,
            0.958203,
            -0.272072
          ],
          [
            -0.073176,
            0.266154,
            0.961149
          ]
        ],
        [
          [
            0.886216,
            -0.258263,
            -0.384606
          ],
          [
            0.284382,
            0.958641,
            0.011552
          ],
          [
            0.365715,
            -0.119613,
            0.923009
          ]
        ],
        [
          [
            0.988272,
            -0.151948,
            0.01516
          ],
          [
            0.147188,
            0.974317,
            0.170417
          ],
          [
            -0.040665,
            -0.166187,
            0.985255
          ]
        ],
        [
          [
            0.841738,
            0.27815,
            -0.462719
          ],
          [
            -0.345172,
            0.93628,
            -0.06509
          ],
          [
            0.41513,
            0.214506,
            0.884112
          ]
        ],
        [
          [
            0.87495,
            -0.256395,
            0.410761
          ],
          [
            0.277679,
            0.960639,
            0.008151
          ],
          [
            -0.396683,
            0.106928,
            0.911707
          ]
        ],
        [
          [
            0.988805,
            0.113721,
            -0.096606
          ],
          [
            -0.133144,
            0.964712,
            -0.227163
          ],
          [
            0.067364,
            0.237483,
            0.969053
          ]
        ],
        [
          [
            0.649689,
            -0.007825,
            -0.76016
          ],
          [
            0.102601,
            0.9917,
            0.077482
          ],
          [
            0.753244,
            -0.128332,
            0.6451
          ]
        ],
        [
          [
            0.6351,
            -0.149392,
            0.757846
          ],
          [
            0.113375,
            0.988522,
            0.099852
          ],
          [
            -0.764064,
            0.022505,
            0.644748
          ]
        ],
        [
          [
            0.932849,
            0.358328,
            0.037337
          ],
          [
            -0.357658,
            0.933556,
            -0.023532
          ],
          [
            -0.043289,
            0.008598,
            0.999026
          ]
        ],
        [
          [
            0.97151,
            -0.236746,
            0.010923
          ],
          [
            0.236969,
            0.969642,
            -0.060328
          ],
          [
            0.003691,
            0.061198,
            0.998119
          ]
        ],
        [
          [
            0.979205,
            -0.133522,
            -0.152741
          ],
          [
            0.094239,
            0.966094,
            -0.240378
          ],
          [
            0.179658,
            0.220985,
            0.958587
          ]
        ],
        [
          [
            0.976606,
            0.214576,
            0.014093
          ],
          [
            -0.214909,
            0.976193,
            0.029359
          ],
          [
            -0.007458,
            -0.031701,
            0.99947
          ]
        ],
        [
          [
            1.0,
            0.0,
            0.0
          ],
          [
            0.0,
            1.0,
            0.0
          ],
          [
            0.0,
            0.0,
            1.0
          ]
        ],
        [
          [
            1.0,
            0.0,
            0.0
          ],
          [
            0.0,
            1.0,
            0.0
          ],
          [
            0.0,
            0.0,
            1.0
          ]
        ]
      ]
    },
    {
      "time_sec": 0.337589,
      "root_offset": [
        0.003905,
        -0.004412,
        -0.007575
      ],
      "local_rotation_matrices": [
        [
          [
            0.991522,
            0.129934,
            0.001223
          ],
          [
            -0.127455,
            0.970686,
            0.203774
          ],
          [
            0.02529,
            -0.202202,
            0.979017
          ]
        ],
        [
          [
            0.985415,
            0.164588,
            0.043211
          ],
          [
            -0.124845,
            0.871819,
            -0.473651
          ],
          [
            -0.115629,
            0.461348,
            0.879652
          ]
        ],
        [
          [
            0.99682,
            0.069448,
            -0.039069
          ],
          [
            -0.078006,
            0.950558,
            -0.300591
          ],
          [
            0.016262,
            0.302683,
            0.952953
          ]
        ],
        [
          [
            0.999791,
            -0.010342,
            0.01764
          ],
          [
            0.011629,
            0.997156,
            -0.074468
          ],
          [
            -0.016819,
            0.074658,
            0.997067
          ]
        ],
        [
          [
            0.998131,
            0.061001,
            -0.003653
          ],
          [
            -0.051135,
            0.866441,
            0.496654
          ],
          [
            0.033461,
            -0.495539,
            0.867941
          ]
        ],
        [
          [
            0.99697,
            -0.077163,
            0.009868
          ],
          [
            0.071758,
            0.9612,
            0.266354
          ],
          [
            -0.030038,
            -0.264839,
            0.963825
          ]
        ],
        [
          [
            0.997069,
            -0.07646,
            0.002585
          ],
          [
            0.076496,
            0.995924,
            -0.047786
          ],
          [
            0.001079,
            0.047844,
            0.998854
          ]
        ],
        [
          [
            0.994668,
            0.067826,
            -0.077685
          ],
          [
            -0.078461,
            0.986571,
            -0.143251
          ],
          [
            0.066925,
            0.148583,
            0.986633
          ]
        ],
        [
          [
            0.979654,
            -0.015741,
            0.200077
          ],
          [
            0.055634,
            0.979151,
            -0.195367
          ],
          [
            -0.19283,
            0.202523,
            0.960105
          ]
        ],
        [
          [
            0.999955,
            -0.003539,
            0.008813
          ],
          [
            0.002168,
            0.988528,
            0.151024
          ],
          [
            -0.009246,
            -0.150998,
            0.988491
          ]
        ],
        [
          [
            0.990635,
            0.131984,
            0.034952
          ],
          [
            -0.115771,
            0.947704,
            -0.297412
          ],
          [
            -0.072378,
            0.290581,
            0.954109
          ]
        ],
        [
          [
            0.877011,
            -0.298661,
            -0.37637
          ],
          [
            0.309495,
            0.950331,
            -0.032936
          ],
          [
            0.367512,
            -0.087599,
            0.925884
          ]
        ],
        [
          [
            0.976886,
            -0.20837,
            -0.047697
          ],
          [
            0.213438,
            0.963059,
            0.164202
          ],
          [
            0.01172,
            -0.170587,
            0.985273
          ]
        ],
        [
          [
            0.838096,
            0.266955,
            -0.475741
          ],
          [
            -0.353655,
            0.929882,
            -0.101231
          ],
          [
            0.415359,
            0.253089,
            0.873741
          ]
        ],
        [
          [
            0.85009,
            -0.286644,
            0.441795
          ],
          [
            0.331424,
            0.943129,
            -0.025797
          ],
          [
            -0.409275,
            0.168351,
            0.896745
          ]
        ],
        [
          [
            0.994292,
            0.081095,
            -0.069332
          ],
          [
            -0.095661,
            0.965369,
            -0.242719
          ],
          [
            0.047248,
            0.247966,
            0.967616
          ]
        ],
        [
          [
            0.650832,
            -0.06355,
            -0.756557
          ],
          [
            0.139213,
            0.989585,
            0.036635
          ],
          [
            0.746349,
            -0.129166,
            0.6529
          ]
        ],
        [
          [
            0.680623,
            -0.136888,
            0.719732
          ],
          [
            0.095188,
            0.990585,
            0.098386
          ],
          [
            -0.726423,
            0.001546,
            0.687246
          ]
        ],
        [
          [
            0.935252,
            0.35263,
            0.030917
          ],
          [
            -0.351353,
            0.935383,
            -0.040122
          ],
          [
            -0.043067,
            0.026662,
            0.998716
          ]
        ],
        [
          [
            0.971234,
            -0.237527,
            0.016896
          ],
          [
            0.238126,
            0.96862,
            -0.071217
          ],
          [
            0.00055,
            0.073192,
            0.997318
          ]
        ],
        [
          [
            0.976596,
            -0.148021,
            -0.156047
          ],
          [
            0.110044,
            0.967236,
            -0.228792
          ],
          [
            0.184801,
            0.206265,
            0.960887
          ]
        ],
        [
          [
            0.975508,
            0.217847,
            0.030436
          ],
          [
            -0.218682,
            0.975409,
            0.027476
          ],
          [
            -0.023702,
            -0.033459,
            0.999159
          ]
        ],
        [
          [
            1.0,
            0.0,
            0.0
          ],
          [
            0.0,
            1.0,
            0.0
          ],
          [
            0.0,
            0.0,
            1.0
          ]
        ],
        [
          [
            1.0,
            0.0,
            0.0
          ],
          [
            0.0,
            1.0,
            0.0
          ],
          [
            0.0,
            0.0,
            1.0
          ]
        ]
      ]
    },
    {
      "time_sec": 0.421986,
      "root_offset": [
        -0.006416,
        0.008081,
        -0.013288
      ],
      "local_rotation_matrices": [
        [
          [
            0.960175,
            0.276241,
            0.041895
          ],
          [
            -0.278975,
            0.939603,
            0.198289
          ],
          [
            0.015411,
            -0.20208,
            0.979248
          ]
        ],
        [
          [
            0.956341,
            0.292248,
            0.001758
          ],
          [
            -0.250019,
            0.821237,
            -0.512894
          ],
          [
            -0.151336,
            0.490062,
            0.85845
          ]
        ],
        [
          [
            0.997004,
            -0.007981,
            -0.076941
          ],
          [
            -0.018382,
            0.941726,
            -0.335877
          ],
          [
            0.075137,
            0.336285,
            0.938758
          ]
        ],
        [
          [
            0.999884,
            -0.014567,
            0.004496
          ],
          [
            0.014814,
            0.998046,
            -0.060706
          ],
          [
            -0.003602,
            0.060766,
            0.998146
          ]
        ],
        [
          [
            0.997438,
            0.071523,
            -0.001655
          ],
          [
            -0.060978,
            0.862021,
            0.503191
          ],
          [
            0.037416,
            -0.5018,
            0.864174
          ]
        ],
        [
          [
            0.995332,
            -0.096148,
            0.008329
          ],
          [
            0.088113,
            0.940563,
            0.32799
          ],
          [
            -0.03937,
            -0.325725,
            0.944645
          ]
        ],
        [
          [
            0.995232,
            -0.097214,
            0.007954
          ],
          [
            0.097534,
            0.992695,
            -0.071026
          ],
          [
            -0.000991,
            0.071463,
            0.997443
          ]
        ],
        [
          [
            0.966645,
            0.230741,
            -0.111154
          ],
          [
            -0.243623,
            0.962282,
            -0.121082
          ],
          [
            0.079023,
            0.144123,
            0.9864
          ]
        ],
        [
          [
            0.967733,
            -0.092706,
            0.234305
          ],
          [
            0.143501,
            0.967103,
            -0.210044
          ],
          [
            -0.207125,
            0.236889,
            0.949201
          ]
        ],
        [
          [
            0.999949,
            -0.005086,
            0.008686
          ],
          [
            0.003552,
            0.985733,
            0.168281
          ],
          [
            -0.009418,
            -0.168241,
            0.985701
          ]
        ],
        [
          [
            0.989093,
            0.147119,
            0.007101
          ],
          [
            -0.1379,
            0.941896,
