{
  "format": "gf5_keyframed_motion",
  "version": 1,
  "name": "Turn left 90",
  "profile_name": "course_body_24",
  "joint_order": [
    "pelvis",
    "left_hip",
    "right_hip",
    "spine1",
    "left_knee",
    "right_knee",
    "spine2",
    "left_ankle",
    "right_ankle",
    "spine3",
    "left_foot",
    "right_foot",
    "neck",
    "left_collar",
    "right_collar",
    "head",
    "left_shoulder",
    "right_shoulder",
    "left_elbow",
    "right_elbow",
    "left_wrist",
    "right_wrist",
    "left_hand",
    "right_hand"
  ],
  "coordinate_convention": {
    "name": "gf5_viewer_body",
    "up_axis": [
      0.0,
      0.0,
      1.0
    ],
    "forward_axis": [
      0.0,
      1.0,
      0.0
    ],
    "anatomical_right_axis": [
      1.0,
      0.0,
      0.0
    ],
    "native_smpl_to_viewer": "viewer=(-native_x, native_z, native_y)"
  },
  "duration_sec": 2.966667,
  "exported_at": "2026-05-13T23:48:15",
  "source_asset_name": null,
  "source_motion": {
    "format": "amass_npz",
    "path": "staff_tools/motion_fallback/packs/hy_motion_palette/clips/turn_left_90_01.npz",
    "frame_rate": 30.0,
    "frame_count": 90,
    "pose_source": "poses",
    "translation_source": "trans",
    "start_sec": 0.0,
    "end_sec": 2.966667,
    "sample_fps": 12.0,
    "manifest": "staff_tools/motion_fallback/packs/hy_motion_palette/manifest.json"
  },
  "keyframes": [
    {
      "time_sec": 0.0,
      "root_offset": [
        0.0,
        0.0,
        0.0
      ],
      "local_rotation_matrices": [
        [
          [
            0.999752,
            -0.019491,
            0.010788
          ],
          [
            0.01942,
            0.999789,
            0.00663
          ],
          [
            -0.010915,
            -0.006419,
            0.99992
          ]
        ],
        [
          [
            0.995867,
            -0.043776,
            0.079576
          ],
          [
            0.050458,
            0.995188,
            -0.083994
          ],
          [
            -0.075516,
            0.087662,
            0.993284
          ]
        ],
        [
          [
            0.990469,
            0.118103,
            -0.070867
          ],
          [
            -0.119224,
            0.992797,
            -0.011788
          ],
          [
            0.068964,
            0.020125,
            0.997416
          ]
        ],
        [
          [
            0.999471,
            -0.02264,
            0.023332
          ],
          [
            0.021658,
            0.998903,
            0.041521
          ],
          [
            -0.024247,
            -0.040994,
            0.998865
          ]
        ],
        [
          [
            0.997187,
            -0.074478,
            -0.008447
          ],
          [
            0.074777,
            0.996252,
            0.043468
          ],
          [
            0.005178,
            -0.043978,
            0.999019
          ]
        ],
        [
          [
            0.999987,
            -0.003395,
            -0.003876
          ],
          [
            0.003569,
            0.998951,
            0.045662
          ],
          [
            0.003716,
            -0.045675,
            0.998949
          ]
        ],
        [
          [
            0.997366,
            0.052052,
            -0.050523
          ],
          [
            -0.055414,
            0.996173,
            -0.067594
          ],
          [
            0.046812,
            0.070215,
            0.996433
          ]
        ],
        [
          [
            0.99405,
            -0.077133,
            -0.076911
          ],
          [
            0.080039,
            0.996161,
            0.035442
          ],
          [
            0.073882,
            -0.041387,
            0.996408
          ]
        ],
        [
          [
            0.995082,
            0.088323,
            0.044841
          ],
          [
            -0.087303,
            0.995887,
            -0.024223
          ],
          [
            -0.046796,
            0.02019,
            0.9987
          ]
        ],
        [
          [
            0.999735,
            -0.020719,
            0.010028
          ],
          [
            0.020351,
            0.99916,
            0.035559
          ],
          [
            -0.010756,
            -0.035345,
            0.999317
          ]
        ],
        [
          [
            0.996637,
            0.060106,
            0.055703
          ],
          [
            -0.061278,
            0.997929,
            0.019583
          ],
          [
            -0.054411,
            -0.02293,
            0.998255
          ]
        ],
        [
          [
            0.998967,
            -0.008348,
            -0.04466
          ],
          [
            0.004874,
            0.996994,
            -0.077324
          ],
          [
            0.045171,
            0.077026,
            0.996005
          ]
        ],
        [
          [
            0.99609,
            0.076399,
            -0.044368
          ],
          [
            -0.072835,
            0.994363,
            0.077054
          ],
          [
            0.050005,
            -0.073521,
            0.996039
          ]
        ],
        [
          [
            0.909851,
            -0.088791,
            -0.405324
          ],
          [
            0.078198,
            0.996025,
            -0.042655
          ],
          [
            0.407501,
            0.007114,
            0.913177
          ]
        ],
        [
          [
            0.909873,
            0.005587,
            0.41485
          ],
          [
            0.021353,
            0.997954,
            -0.060272
          ],
          [
            -0.414338,
            0.063698,
            0.907891
          ]
        ],
        [
          [
            0.99195,
            -0.115875,
            0.051067
          ],
          [
            0.119627,
            0.989763,
            -0.077834
          ],
          [
            -0.041525,
            0.083317,
            0.995658
          ]
        ],
        [
          [
            0.464446,
            -0.138013,
            -0.874781
          ],
          [
            0.017116,
            0.988997,
            -0.146945
          ],
          [
            0.885436,
            0.053276,
            0.461698
          ]
        ],
        [
          [
            0.483732,
            0.140475,
            0.863869
          ],
          [
            -0.078509,
            0.990021,
            -0.117027
          ],
          [
            -0.871688,
            -0.011212,
            0.489934
          ]
        ],
        [
          [
            0.959551,
            0.170076,
            0.224358
          ],
          [
            -0.235611,
            0.92133,
            0.309255
          ],
          [
            -0.154111,
            -0.349607,
            0.924134
          ]
        ],
        [
          [
            0.961724,
            -0.185926,
            -0.201291
          ],
          [
            0.24808,
            0.902745,
            0.351436
          ],
          [
            0.116373,
            -0.387921,
            0.914316
          ]
        ],
        [
          [
            0.999071,
            0.010669,
            0.041754
          ],
          [
            -0.008226,
            0.998267,
            -0.058268
          ],
          [
            -0.042303,
            0.057871,
            0.997427
          ]
        ],
        [
          [
            0.998058,
            0.061779,
            0.00797
          ],
          [
            -0.058799,
            0.976603,
            -0.206856
          ],
          [
            -0.020563,
            0.205985,
            0.978339
          ]
        ],
        [
          [
            1.0,
            0.0,
            0.0
          ],
          [
            0.0,
            1.0,
            0.0
          ],
          [
            0.0,
            0.0,
            1.0
          ]
        ],
        [
          [
            1.0,
            0.0,
            0.0
          ],
          [
            0.0,
            1.0,
            0.0
          ],
          [
            0.0,
            0.0,
            1.0
          ]
        ]
      ]
    },
    {
      "time_sec": 0.084762,
      "root_offset": [
        -0.001015,
        -0.010906,
        -0.0023
      ],
      "local_rotation_matrices": [
        [
          [
            0.998837,
            -0.047131,
            -0.010159
          ],
          [
            0.047288,
            0.998757,
            0.015779
          ],
          [
            0.009403,
            -0.016241,
            0.999824
          ]
        ],
        [
          [
            0.991647,
            -0.058399,
            0.115004
          ],
          [
            0.075012,
            0.986453,
            -0.145888
          ],
          [
            -0.104926,
            0.153296,
            0.982594
          ]
        ],
        [
          [
            0.988277,
            0.146259,
            -0.043788
          ],
          [
            -0.148261,
            0.987849,
            -0.046615
          ],
          [
            0.036439,
            0.05256,
            0.997953
          ]
        ],
        [
          [
            0.998662,
            -0.025402,
            0.045046
          ],
          [
            0.02349,
            0.998821,
            0.042479
          ],
          [
            -0.046072,
            -0.041364,
            0.998081
          ]
        ],
        [
          [
            0.999642,
            -0.022751,
            -0.014046
          ],
          [
            0.024089,
            0.994292,
            0.103935
          ],
          [
            0.011601,
            -0.104237,
            0.994485
          ]
        ],
        [
          [
            0.999941,
            -0.002187,
            -0.010682
          ],
          [
            0.003074,
            0.996485,
            0.08372
          ],
          [
            0.010461,
            -0.083748,
            0.996432
          ]
        ],
        [
          [
            0.998336,
            0.049432,
            -0.029694
          ],
          [
            -0.051083,
            0.997027,
            -0.057685
          ],
          [
            0.026755,
            0.059106,
            0.997893
          ]
        ],
        [
          [
            0.993303,
            -0.069474,
            -0.092316
          ],
          [
            0.072852,
            0.996772,
            0.033731
          ],
          [
            0.089674,
            -0.04023,
            0.995158
          ]
        ],
        [
          [
            0.996306,
            0.073744,
            0.043992
          ],
          [
            -0.071883,
            0.996508,
            -0.042476
          ],
          [
            -0.04697,
            0.039157,
            0.998128
          ]
        ],
        [
          [
            0.999743,
            -0.014869,
            0.017115
          ],
          [
            0.014095,
            0.998911,
            0.044472
          ],
          [
            -0.017758,
            -0.044219,
            0.998864
          ]
        ],
        [
          [
            0.995909,
            0.065942,
            0.061788
          ],
          [
            -0.066478,
            0.997766,
            0.006652
          ],
          [
            -0.061211,
            -0.010732,
            0.998067
          ]
        ],
        [
          [
            0.998877,
            -0.00661,
            -0.046919
          ],
          [
            0.003159,
            0.997309,
            -0.073238
          ],
          [
            0.047277,
            0.073008,
            0.99621
          ]
        ],
        [
          [
            0.99651,
            -0.013314,
            -0.082405
          ],
          [
            0.015568,
            0.99952,
            0.026775
          ],
          [
            0.082009,
            -0.027964,
            0.996239
          ]
        ],
        [
          [
            0.910976,
            -0.076195,
            -0.405362
          ],
          [
            0.068456,
            0.997089,
            -0.033577
          ],
          [
            0.40674,
            0.002838,
            0.91354
          ]
        ],
        [
          [
            0.904681,
            -0.001951,
            0.426086
          ],
          [
            0.025252,
            0.998477,
            -0.049043
          ],
          [
            -0.425341,
            0.055128,
            0.903353
          ]
        ],
        [
          [
            0.983662,
            -0.176211,
            0.036864
          ],
          [
            0.179112,
            0.978534,
            -0.101931
          ],
          [
            -0.018112,
            0.106868,
            0.994108
          ]
        ],
        [
          [
            0.478202,
            -0.161606,
            -0.863253
          ],
          [
            0.018867,
            0.984588,
            -0.173869
          ],
          [
            0.878047,
            0.066857,
            0.473881
          ]
        ],
        [
          [
            0.517773,
            0.084775,
            0.851308
          ],
          [
            -0.034718,
            0.996341,
            -0.078101
          ],
          [
            -0.854813,
            0.010883,
            0.518821
          ]
        ],
        [
          [
            0.959084,
            0.190615,
            0.209342
          ],
          [
            -0.253748,
            0.906685,
            0.336949
          ],
          [
            -0.125579,
            -0.376283,
            0.917955
          ]
        ],
        [
          [
            0.973327,
            -0.12678,
            -0.19121
          ],
          [
            0.189614,
            0.913732,
            0.359361
          ],
          [
            0.129155,
            -0.386032,
            0.913399
          ]
        ],
        [
          [
            0.997335,
            -0.006313,
            0.072687
          ],
          [
            0.009621,
            0.998929,
            -0.045259
          ],
          [
            -0.072323,
            0.045837,
            0.996327
          ]
        ],
        [
          [
            0.999104,
            0.037287,
            -0.020004
          ],
          [
            -0.040294,
            0.982698,
            -0.180779
          ],
          [
            0.012917,
            0.181424,
            0.98332
          ]
        ],
        [
          [
            1.0,
            0.0,
            0.0
          ],
          [
            0.0,
            1.0,
            0.0
          ],
          [
            0.0,
            0.0,
            1.0
          ]
        ],
        [
          [
            1.0,
            0.0,
            0.0
          ],
          [
            0.0,
            1.0,
            0.0
          ],
          [
            0.0,
            0.0,
            1.0
          ]
        ]
      ]
    },
    {
      "time_sec": 0.169524,
      "root_offset": [
        0.000716,
        -0.014043,
        -0.00545
      ],
      "local_rotation_matrices": [
        [
          [
            0.997788,
            -0.060716,
            -0.027056
          ],
          [
            0.061279,
            0.99791,
            0.020498
          ],
          [
            0.025755,
            -0.02211,
            0.999424
          ]
        ],
        [
          [
            0.987351,
            -0.069477,
            0.142515
          ],
          [
            0.09765,
            0.974633,
            -0.201383
          ],
          [
            -0.124908,
            0.212752,
            0.96909
          ]
        ],
        [
          [
            0.982268,
            0.185482,
            -0.027303
          ],
          [
            -0.18718,
            0.978479,
            -0.086849
          ],
          [
            0.010606,
            0.090419,
            0.995847
          ]
        ],
        [
          [
            0.997586,
            -0.029413,
            0.062897
          ],
          [
            0.026623,
            0.998644,
            0.044742
          ],
          [
            -0.064128,
            -0.042959,
            0.997017
          ]
        ],
        [
          [
            0.999936,
            0.009852,
            -0.00555
          ],
          [
            -0.00875,
            0.985021,
            0.172213
          ],
          [
            0.007163,
            -0.172154,
            0.985044
          ]
        ],
        [
          [
            0.999845,
            -0.007477,
            -0.015946
          ],
          [
            0.009692,
            0.989577,
            0.143676
          ],
          [
            0.014706,
            -0.143808,
            0.989496
          ]
        ],
        [
          [
            0.998989,
            0.043438,
            -0.011571
          ],
          [
            -0.043925,
            0.997982,
            -0.045854
          ],
          [
            0.009556,
            0.046316,
            0.998881
          ]
        ],
        [
          [
            0.99252,
            -0.044907,
            -0.113527
          ],
          [
            0.047949,
            0.998556,
            0.024212
          ],
          [
            0.112276,
            -0.029475,
            0.99324
          ]
        ],
        [
          [
            0.998229,
            0.040789,
            0.043308
          ],
          [
            -0.037664,
            0.996787,
            -0.070686
          ],
          [
            -0.046053,
            0.06893,
            0.996558
          ]
        ],
        [
          [
            0.999773,
            -0.012987,
            0.016895
          ],
          [
            0.012043,
            0.998422,
            0.054847
          ],
          [
            -0.01758,
            -0.054632,
            0.998352
          ]
        ],
        [
          [
            0.995226,
            0.072662,
            0.06516
          ],
          [
            -0.072602,
            0.997356,
            -0.003284
          ],
          [
            -0.065226,
            -0.001462,
            0.997869
          ]
        ],
        [
          [
            0.998743,
            -0.007303,
            -0.049585
          ],
          [
            0.003553,
            0.997155,
            -0.0753
          ],
          [
            0.049993,
            0.075029,
            0.995927
          ]
        ],
        [
          [
            0.984646,
            -0.118295,
            -0.128371
          ],
          [
            0.117283,
            0.992978,
            -0.015441
          ],
          [
            0.129296,
            0.000148,
            0.991606
          ]
        ],
        [
          [
            0.911624,
            -0.078556,
            -0.403448
          ],
          [
            0.074609,
            0.996886,
            -0.025519
          ],
          [
            0.404197,
            -0.006838,
            0.914646
          ]
        ],
        [
          [
            0.902538,
            -0.011587,
            0.430455
          ],
          [
            0.031477,
            0.998739,
            -0.039112
          ],
          [
            -0.429459,
            0.048849,
            0.901764
          ]
        ],
        [
          [
            0.966372,
            -0.255729,
            0.026973
          ],
          [
            0.257099,
            0.958813,
            -0.120742
          ],
          [
            0.005015,
            0.123616,
            0.992317
          ]
        ],
        [
          [
            0.486784,
            -0.173395,
            -0.85614
          ],
          [
            0.019898,
            0.982047,
            -0.187581
          ],
          [
            0.873295,
            0.074276,
            0.481496
          ]
        ],
        [
          [
            0.531436,
            0.057456,
            0.845148
          ],
          [
            -0.003458,
            0.997836,
            -0.065663
          ],
          [
            -0.847091,
            0.031973,
            0.530485
          ]
        ],
        [
          [
            0.956738,
            0.204005,
            0.207448
          ],
          [
            -0.267061,
            0.898695,
            0.347887
          ],
          [
            -0.115461,
            -0.388238,
            0.914298
          ]
        ],
        [
          [
            0.979864,
            -0.09604,
            -0.175052
          ],
          [
            0.156402,
            0.914177,
            0.373923
          ],
          [
            0.124117,
            -0.393772,
            0.91079
          ]
        ],
        [
          [
            0.996613,
            -0.006235,
            0.082002
          ],
          [
            0.009457,
            0.999196,
            -0.038967
          ],
          [
            -0.081693,
            0.039611,
            0.99587
          ]
        ],
        [
          [
            0.998712,
            0.021022,
            -0.046179
          ],
          [
            -0.028756,
            0.984365,
            -0.173777
          ],
          [
            0.041804,
            0.174881,
            0.983702
          ]
        ],
        [
          [
            1.0,
            0.0,
            0.0
          ],
          [
            0.0,
            1.0,
            0.0
          ],
          [
            0.0,
            0.0,
            1.0
          ]
        ],
        [
          [
            1.0,
            0.0,
            0.0
          ],
          [
            0.0,
            1.0,
            0.0
          ],
          [
            0.0,
            0.0,
            1.0
          ]
        ]
      ]
    },
    {
      "time_sec": 0.254286,
      "root_offset": [
        0.004093,
        -0.014266,
        -0.010359
      ],
      "local_rotation_matrices": [
        [
          [
            0.993682,
            -0.107845,
            -0.031084
          ],
          [
            0.108887,
            0.993472,
            0.03402
          ],
          [
            0.027212,
            -0.03719,
            0.998938
          ]
        ],
        [
          [
            0.989976,
            -0.027074,
            0.138615
          ],
          [
            0.065838,
            0.956759,
            -0.283333
          ],
          [
            -0.12495,
            0.289619,
            0.948951
          ]
        ],
        [
          [
            0.964495,
            0.261781,
            -0.034926
          ],
          [
            -0.264033,
            0.95277,
            -0.150056
          ],
          [
            -0.006005,
            0.15395,
            0.98806
          ]
        ],
        [
          [
            0.996579,
            -0.035211,
            0.074774
          ],
          [
            0.032001,
            0.998532,
            0.043698
          ],
          [
            -0.076203,
            -0.041155,
            0.996243
          ]
        ],
        [
          [
            0.997558,
            0.066747,
            0.020567
          ],
          [
            -0.069767,
            0.966063,
            0.248708
          ],
          [
            -0.003268,
            -0.249535,
            0.96836
          ]
        ],
        [
          [
            0.999584,
            -0.016667,
            -0.023525
          ],
          [
            0.021847,
            0.97032,
            0.240836
          ],
          [
            0.018813,
            -0.24125,
            0.970281
          ]
        ],
        [
          [
            0.999634,
            0.02707,
            -2.4e-05
          ],
          [
            -0.027064,
            0.999405,
            -0.021402
          ],
          [
            -0.000555,
            0.021394,
            0.999771
          ]
        ],
        [
          [
            0.993146,
            -0.017062,
            -0.115628
          ],
          [
            0.020554,
            0.999366,
            0.02908
          ],
          [
            0.115059,
            -0.031257,
            0.992867
          ]
        ],
        [
          [
            0.998952,
            -0.003172,
            0.045658
          ],
          [
            0.008463,
            0.993195,
            -0.116152
          ],
          [
            -0.044979,
            0.116417,
            0.992181
          ]
        ],
        [
          [
            0.999794,
            -0.01877,
            0.007746
          ],
          [
            0.018281,
            0.998092,
            0.058984
          ],
          [
            -0.008838,
            -0.058831,
            0.998229
          ]
        ],
        [
          [
            0.994753,
            0.078512,
            0.065589
          ],
          [
            -0.078096,
            0.996906,
            -0.008884
          ],
          [
            -0.066084,
            0.003715,
            0.997807
          ]
        ],
        [
          [
            0.998578,
            -0.00679,
            -0.052878
          ],
          [
            0.002583,
            0.996854,
            -0.079215
          ],
          [
            0.05325,
            0.078966,
            0.995454
          ]
        ],
        [
          [
            0.943754,
            -0.273098,
            -0.186402
          ],
          [
            0.267733,
            0.961986,
            -0.053876
          ],
          [
            0.194029,
            0.00094,
            0.980995
          ]
        ],
        [
          [
            0.911511,
            -0.096237,
            -0.399858
          ],
          [
            0.10136,
            0.994815,
            -0.00837
          ],
          [
            0.39859,
            -0.0329,
            0.916539
          ]
        ],
        [
          [
            0.901988,
            -0.028773,
            0.430801
          ],
          [
            0.040643,
            0.999005,
            -0.018374
          ],
          [
            -0.429843,
            0.034082,
            0.90226
          ]
        ],
        [
          [
            0.92096,
            -0.389618,
            0.005502
          ],
          [
            0.386435,
            0.911443,
            -0.141211
          ],
          [
            0.050003,
            0.132176,
            0.989964
          ]
        ],
        [
          [
            0.490164,
            -0.16854,
            -0.85518
          ],
          [
            0.011218,
            0.982266,
            -0.187156
          ],
          [
            0.871558,
            0.082144,
            0.483362
          ]
        ],
        [
          [
            0.532535,
            0.043981,
            0.845265
          ],
          [
            0.022815,
            0.99754,
            -0.066278
          ],
          [
            -0.846101,
            0.05458,
            0.530221
          ]
        ],
        [
          [
            0.949106,
            0.230172,
            0.214985
          ],
          [
            -0.294518,
            0.890486,
            0.346834
          ],
          [
            -0.11161,
            -0.392499,
            0.912956
          ]
        ],
        [
          [
            0.986732,
            -0.080818,
            -0.140811
          ],
          [
            0.132691,
            0.9012,
            0.412592
          ],
          [
            0.093554,
            -0.425802,
            0.899967
          ]
        ],
        [
          [
            0.996595,
            -0.000177,
            0.082448
          ],
          [
            0.002179,
            0.999705,
            -0.024195
          ],
          [
            -0.082419,
            0.024292,
            0.996302
          ]
        ],
        [
          [
            0.996286,
            -0.002435,
            -0.086074
          ],
          [
            -0.013687,
            0.982413,
            -0.186219
          ],
          [
            0.085014,
            0.186706,
            0.978731
          ]
        ],
        [
          [
            1.0,
            0.0,
            0.0
          ],
          [
            0.0,
            1.0,
            0.0
          ],
          [
            0.0,
            0.0,
            1.0
          ]
        ],
        [
          [
            1.0,
            0.0,
            0.0
          ],
          [
            0.0,
            1.0,
            0.0
          ],
          [
            0.0,
            0.0,
            1.0
          ]
        ]
      ]
    },
    {
      "time_sec": 0.339048,
      "root_offset": [
        0.007039,
        -0.014557,
        -0.012003
      ],
      "local_rotation_matrices": [
        [
          [
            0.984454,
            -0.173372,
            -0.028164
          ],
          [
            0.174481,
            0.983706,
            0.043348
          ],
          [
            0.02019,
            -0.047588,
            0.998663
          ]
        ],
        [
          [
            0.989538,
            -0.079067,
            0.120676
          ],
          [
            0.117132,
            0.928627,
            -0.352039
          ],
          [
            -0.084228,
            0.362491,
            0.928173
          ]
        ],
        [
          [
            0.947817,
            0.314915,
            -0.049717
          ],
          [
            -0.318703,
            0.931748,
            -0.173992
          ],
          [
            -0.008469,
            0.180758,
            0.983491
          ]
        ],
        [
          [
            0.996287,
            -0.040573,
            0.075939
          ],
          [
            0.037383,
            0.998377,
            0.042965
          ],
          [
            -0.077559,
            -0.039966,
            0.996186
          ]
        ],
        [
          [
            0.99377,
            0.098556,
            0.052032
          ],
          [
            -0.109829,
            0.945333,
            0.307056
          ],
          [
            -0.018926,
            -0.310858,
            0.950268
          ]
        ],
        [
          [
            0.999497,
            -0.018652,
            -0.025649
          ],
          [
            0.025092,
            0.9597,
            0.279904
          ],
          [
            0.019394,
            -0.280407,
            0.959685
          ]
        ],
        [
          [
            0.999809,
            0.019493,
            0.001211
          ],
          [
            -0.019486,
            0.999796,
            -0.005345
          ],
          [
            -0.001315,
            0.005321,
            0.999985
          ]
        ],
        [
          [
            0.995706,
            0.015667,
            -0.091233
          ],
          [
            -0.011099,
            0.998669,
            0.050362
          ],
          [
            0.091901,
            -0.049133,
            0.994555
          ]
        ],
        [
          [
            0.998876,
            -0.010286,
            0.046268
          ],
          [
            0.016452,
            0.990719,
            -0.134929
          ],
          [
            -0.044451,
            0.135539,
            0.989774
          ]
        ],
        [
          [
            0.999733,
            -0.022911,
            0.002961
          ],
          [
            0.022707,
            0.998135,
            0.056665
          ],
          [
            -0.004254,
            -0.056583,
            0.998389
          ]
        ],
        [
          [
            0.994651,
            0.078577,
            0.067052
          ],
          [
            -0.077927,
            0.996884,
            -0.012258
          ],
          [
            -0.067806,
            0.006967,
            0.997674
          ]
        ],
        [
          [
            0.998497,
            -0.004928,
            -0.054583
          ],
          [
            0.000526,
            0.996764,
            -0.080378
          ],
          [
            0.054802,
            0.080229,
            0.995269
          ]
        ],
        [
          [
            0.911087,
            -0.355238,
            -0.209109
          ],
          [
            0.348203,
            0.934739,
            -0.070833
          ],
          [
            0.220625,
            -0.008277,
            0.975323
          ]
        ],
        [
          [
            0.910137,
            -0.109059,
            -0.399695
          ],
          [
            0.120986,
            0.992643,
            0.004648
          ],
          [
            0.396248,
            -0.052588,
            0.916636
          ]
        ],
        [
          [
            0.902881,
            -0.040542,
            0.427975
          ],
          [
            0.045843,
            0.998946,
            -0.002083
          ],
          [
            -0.42744,
            0.0215,
            0.903788
          ]
        ],
        [
          [
            0.880545,
            -0.473862,
            -0.00978
          ],
          [
            0.466946,
            0.870861,
            -0.153502
          ],
          [
            0.081255,
            0.130599,
            0.9881
          ]
        ],
        [
          [
            0.477528,
            -0.152688,
            -0.865247
          ],
          [
            -0.003391,
            0.984456,
            -0.175596
          ],
          [
            0.87861,
            0.086786,
            0.469588
          ]
        ],
        [
          [
            0.531187,
            0.047841,
            0.845903
          ],
          [
            0.025618,
            0.997041,
            -0.072476
          ],
          [
            -0.846867,
            0.060168,
            0.52839
          ]
        ],
        [
          [
            0.943198,
            0.25061,
            0.21811
          ],
          [
            -0.314591,
            0.884774,
            0.343813
          ],
          [
            -0.106815,
            -0.3929,
            0.913357
          ]
        ],
        [
          [
            0.988027,
            -0.09685,
            -0.120092
          ],
          [
            0.141108,
            0.881997,
            0.449633
          ],
          [
            0.062374,
            -0.461196,
            0.885103
          ]
        ],
        [
          [
            0.995983,
            0.006877,
            0.089273
          ],
          [
            -0.005591,
            0.999877,
            -0.014649
          ],
          [
            -0.089363,
            0.014091,
            0.995899
          ]
        ],
        [
          [
            0.99537,
            -0.00684,
            -0.095878
          ],
          [
            -0.011574,
            0.981679,
            -0.19019
          ],
          [
            0.095423,
            0.190419,
            0.977054
          ]
        ],
        [
          [
            1.0,
            0.0,
            0.0
          ],
          [
            0.0,
            1.0,
            0.0
          ],
          [
            0.0,
            0.0,
            1.0
          ]
        ],
        [
          [
            1.0,
            0.0,
            0.0
          ],
          [
            0.0,
            1.0,
            0.0
          ],
          [
            0.0,
            0.0,
            1.0
          ]
        ]
      ]
    },
    {
      "time_sec": 0.42381,
      "root_offset": [
        0.013193,
        -0.012006,
        -0.012625
      ],
      "local_rotation_matrices": [
        [
          [
            0.951617,
            -0.306034,
            -0.027712
          ],
          [
            0.306886,
            0.951105,
            0.03494
          ],
          [
            0.015664,
            -0.041754,
            0.999005
          ]
        ],
        [
          [
            0.937164,
            -0.314308,
            0.151438
          ],
          [
            0.348843,
            0.837156,
            -0.421283
          ],
          [
            0.005636,
            0.447639,
            0.894197
          ]
        ],
        [
          [
            0.916644,
            0.395743,
            -0.056134
          ],
          [
            -0.399546,
            0.903249,
            -0.156541
          ],
          [
            -0.011247,
            0.16592,
            0.986075
          ]
        ],
        [
          [
            0.995039,
            -0.056711,
            0.081741
          ],
          [
            0.052671,
            0.997321,
            0.050759
          ],
          [
            -0.0844,
            -0.046201,
            0.99536
          ]
        ],
        [
          [
            0.994285,
            0.071232,
            0.079525
          ],
          [
            -0.096183,
            0.920933,
            0.377666
          ],
          [
            -0.046335,
            -0.383157,
            0.922521
          ]
        ],
        [
          [
            0.99954,
            -0.020024,
            -0.022776
          ],
          [
            0.025816,
            0.955898,
            0.292562
          ],
          [
            0.015913,
            -0.293016,
            0.955975
          ]
        ],
        [
          [
            0.99987,
            0.015739,
            -0.00352
          ],
          [
            -0.015709,
            0.999842,
            0.008376
          ],
          [
            0.003651,
            -0.00832,
            0.999959
          ]
        ],
        [
          [
            0.996626,
            0.063914,
            -0.051502
          ],
          [
            -0.05974,
            0.995094,
            0.07886
          ],
          [
            0.056289,
            -0.075517,
            0.995554
          ]
        ],
        [
          [
            0.999367,
            0.008979,
            0.034424
          ],
          [
            -0.003601,
            0.988184,
            -0.153231
          ],
          [
            -0.035393,
            0.15301,
            0.987591
          ]
        ],
        [
          [
            0.999619,
            -0.027464,
            -0.002928
          ],
          [
            0.027599,
            0.997352,
            0.067292
          ],
          [
            0.001072,
            -0.067347,
            0.997729
          ]
        ],
        [
          [
            0.994166,
            0.077677,
            0.074841
          ],
          [
